0.529022 0.338580
0.544571 0.589158
0.712876 0.489747
0.501073 0.624276
0.610705 0.179497
0.596242 0.446640
0.283536 0.441684
0.561359 0.489509
0.323351 0.500738
0.401478 0.141309
0.518868 0.428982
0.174242 0.425933
0.642757 0.431001
0.519067 0.171747
0.648560 0.450257
0.585796 0.585011
0.387048 0.531787
0.765465 0.463095
0.608610 0.165439
0.431079 0.461337
0.267606 0.434401
0.539239 0.528954
0.541570 0.428189
0.381204 0.529828
0.522270 0.498027
0.466239 0.808320
0.633665 0.448967
0.632476 0.436417
0.658677 0.409474
0.530674 0.313396
0.651637 0.421781
0.687607 0.431797
0.564880 0.512666
0.574834 0.133364
0.517018 0.456137
0.759014 0.413163
0.247673 0.439576
0.399640 0.163614
0.373748 0.509434
0.380246 0.126959
0.397002 0.546312
0.460311 0.635527
0.407820 0.534760
0.645879 0.481440
0.543944 0.494538
0.812080 0.362597
0.546233 0.348902
0.502995 0.396089
0.543312 0.375025
0.466803 0.386217
0.542819 0.793844
0.354125 0.474889
0.579125 0.153730
0.496850 0.815311
0.359224 0.445274
0.636331 0.448947
0.532222 0.779668
0.349470 0.517758
0.437186 0.582730
0.264624 0.384769
0.146018 0.347947
0.454489 0.667294
0.258893 0.461137
0.369466 0.129703
0.516893 0.717518
0.684740 0.494317
0.518583 0.606290
0.619532 0.135643
0.404947 0.143240
0.508289 0.622885
0.538421 0.363576
0.452759 0.801304
0.714002 0.422021
0.562934 0.610405
0.472225 0.598195
0.197876 0.386433
0.536586 0.823351
0.485316 0.810265
0.460598 0.259561
0.469718 0.215256
0.506820 0.289495
0.678936 0.420517
0.488052 0.642560
0.764680 0.443527
0.634164 0.498611
0.454080 0.320461
0.572084 0.114956
0.451355 0.795246
0.377392 0.444304
0.288209 0.435774
0.331670 0.437305
0.407675 0.503002
0.339736 0.504784
0.489589 0.547210
0.216210 0.404652
0.514283 0.606579
0.502905 0.328164
0.144743 0.363327
0.847909 0.397117
0.427318 0.476744
0.475435 0.654699
0.363611 0.522893
0.617527 0.557011
0.461709 0.389929
0.252817 0.466345
0.813878 0.369575
0.676702 0.466803
0.543726 0.293849
0.163961 0.327499
0.484356 0.759343
0.243528 0.449611
0.489256 0.535442
0.439012 0.128679
0.460766 0.850060
0.637802 0.112289
0.575317 0.505659
0.371756 0.146802
0.468160 0.627150
0.730098 0.400667
0.748971 0.365428
0.724052 0.403628
0.313235 0.461088
0.521052 0.573356
0.691245 0.476537
0.408811 0.128005
0.279360 0.427364
0.302005 0.471659
0.730966 0.440239
0.401291 0.455486
0.171113 0.360944
0.206040 0.385590
0.835812 0.358767
0.282890 0.433224
0.373708 0.523617
0.710008 0.403474
0.240705 0.383223
0.379206 0.427864
0.506002 0.512611
0.382060 0.488797
0.507199 0.627638
0.287365 0.421928
0.554292 0.538288
0.458223 0.725661
0.460865 0.143206
0.163430 0.375030
0.600826 0.529703
0.831105 0.408537
0.545850 0.853955
0.534083 0.451232
0.349905 0.457267
0.616780 0.439482
0.465051 0.581250
0.380420 0.150190
0.459726 0.606289
0.167424 0.366346
0.507742 0.548079
0.447031 0.574758
0.487743 0.163731
0.230708 0.449400
0.542626 0.747883
0.372830 0.506588
0.447014 0.676317
0.757300 0.424278
0.542932 0.514660
0.635778 0.152747
0.538386 0.726351
0.231069 0.364180
0.628047 0.100729
0.468420 0.326727
0.444344 0.473532
0.405583 0.164887
0.768274 0.408539
0.524386 0.439359
0.639469 0.451940
0.574041 0.168448
0.541098 0.303841
0.826500 0.395818
0.365657 0.427148
0.457280 0.183638
0.593424 0.117106
0.484966 0.434826
0.447728 0.194441
0.466088 0.626432
0.608508 0.465186
0.459628 0.330821
0.660194 0.505261
0.371874 0.550677
0.163362 0.324057
0.552829 0.140118
0.399632 0.451752
0.668662 0.522794
0.431253 0.199369
0.489564 0.897257
0.532180 0.670026
0.514960 0.749187
0.558501 0.165062
0.576869 0.196866
0.300965 0.512345
0.557306 0.592284
0.563232 0.215413
0.273923 0.491879
0.450879 0.187062
0.486550 0.484743
0.489338 0.295456
0.510242 0.760808
0.496716 0.186199
0.245613 0.379554
0.603277 0.447150
0.506400 0.619307
0.527038 0.734713
0.196141 0.336414
0.395355 0.441283
0.511598 0.217587
0.657885 0.497586
0.827690 0.402079
0.527527 0.302246
0.274230 0.373341
0.692387 0.395341
0.462304 0.323418
0.336567 0.441722
0.184936 0.401084
0.543509 0.650364
0.525702 0.335303
0.792562 0.398244
0.644155 0.472080
0.453943 0.824916
0.556781 0.497609
0.143987 0.359310
0.473430 0.338047
0.481127 0.888431
0.466353 0.302850
0.305184 0.489286
0.502995 0.643376
0.461336 0.683066
0.594173 0.190487
0.657458 0.498592
0.434376 0.598798
0.432030 0.520042
0.467962 0.831214
0.515500 0.252614
0.587179 0.484578
0.821991 0.327281
0.387894 0.133400
0.312294 0.414917
0.344403 0.506577
0.356504 0.530956
0.474661 0.765004
0.336573 0.530162
0.273967 0.386697
0.533845 0.711055
0.291997 0.414779
0.597429 0.486007
0.732612 0.378044
0.642811 0.432706
0.529249 0.568753
0.568638 0.141719
0.276516 0.491644
0.669368 0.470203
0.642354 0.476538
0.228874 0.374305
0.521813 0.728913
0.484241 0.161784
0.458982 0.163512
0.389013 0.454501
0.501188 0.601674
0.695961 0.477768
0.377417 0.435094
0.511937 0.617607
0.462191 0.868700
0.361463 0.417005
0.497113 0.782334
0.531129 0.573559
0.419491 0.554990
0.462034 0.223890
0.608985 0.466064
0.525439 0.258466
0.711517 0.436715
0.405795 0.531585
0.160294 0.332135
0.512956 0.314498
0.571122 0.563549
0.541032 0.532972
0.372664 0.513832
0.611637 0.541145
0.443732 0.222870
0.554818 0.487755
0.696478 0.390819
0.534229 0.635403
0.378816 0.526269
0.476633 0.625500
0.549083 0.684574
0.542479 0.217629
0.783129 0.398870
0.760893 0.396566
0.318511 0.431681
0.653165 0.509712
0.537752 0.658037
0.522169 0.790906
0.637045 0.146226
0.192604 0.369098
0.417453 0.154847
0.453364 0.418129
0.332762 0.493803
0.765114 0.426823
0.244914 0.435040
0.451129 0.705774
0.628604 0.562930
0.234946 0.422094
0.551518 0.783657
0.629726 0.531707
0.627793 0.125026
0.460941 0.378519
0.733574 0.412445
0.602524 0.175419
0.808898 0.389278
0.398911 0.489723
0.522154 0.390278
0.487169 0.684439
0.489501 0.881305
0.368373 0.482518
0.752359 0.442564
0.214855 0.358868
0.435460 0.571522
0.519769 0.407711
0.641984 0.140849
0.533657 0.844773
0.459549 0.353446
0.480022 0.597994
0.491431 0.241403
0.534440 0.417643
0.495165 0.639378
0.667604 0.415574
0.525518 0.861040
0.696855 0.443557
0.525329 0.456886
0.421201 0.538058
0.549243 0.593262
0.571984 0.505300
0.410620 0.133168
0.818716 0.424461
0.374915 0.514642
0.198972 0.408813
0.468416 0.505736
0.407609 0.568634
0.291171 0.402074
0.392662 0.147666
0.462736 0.619679
0.261281 0.431918
0.305310 0.514473
0.458376 0.586905
0.237721 0.394143
0.494533 0.615644
0.535932 0.761939
0.489044 0.190488
0.462527 0.217928
0.221312 0.422330
0.547673 0.461401
0.538119 0.519152
0.543560 0.437782
0.529719 0.651850
0.513155 0.272233
0.605025 0.149153
0.559414 0.602884
0.418800 0.158425
0.556911 0.542054
0.491321 0.590289
0.223564 0.382301
0.560271 0.126771
0.530538 0.695490
0.495088 0.359715
0.499319 0.432251
0.638378 0.424330
0.320669 0.474148
0.791084 0.353317
0.211714 0.369181
0.255784 0.382560
0.352026 0.492109
0.491229 0.521907
0.518581 0.624524
0.206465 0.340614
0.453742 0.509801
0.597170 0.539381
0.650337 0.149265
0.470666 0.450469
0.170399 0.334052
0.465230 0.553487
0.334086 0.446947
0.179873 0.344909
0.153142 0.319103
0.372303 0.124507
0.227479 0.435500
0.672481 0.415234
0.821512 0.390581
0.484800 0.704195
0.477573 0.831574
0.237104 0.461098
0.287621 0.431840
0.514243 0.413967
0.539273 0.219304
0.384303 0.431299
0.544840 0.325475
0.518650 0.509809
0.389023 0.129876
0.587445 0.533655
0.564608 0.184329
0.519523 0.537873
0.465374 0.698660
0.390057 0.152068
0.501583 0.428676
0.615946 0.527536
0.262159 0.481163
0.506740 0.408408
0.462742 0.478196
0.505312 0.875740
0.317332 0.463536
0.428555 0.473343
0.476864 0.778704
0.579740 0.197082
0.404096 0.493426
0.655854 0.542891
0.456311 0.746850
0.520493 0.228608
0.366732 0.096750
0.805770 0.430772
0.479889 0.361039
0.587058 0.541675
0.515590 0.533794
0.585411 0.203875
0.239294 0.388476
0.552517 0.677664
0.472447 0.260712
0.490599 0.555674
0.354694 0.462365
0.505902 0.596938
0.494494 0.198417
0.623006 0.456908
0.775256 0.368611
0.320876 0.453216
0.383937 0.454454
0.433222 0.484759
0.646233 0.128421
0.232654 0.407667
0.483933 0.152172
0.447155 0.523784
0.335473 0.479809
0.497364 0.902005
0.453149 0.289550
0.452883 0.817625
0.596831 0.152276
0.500315 0.862958
0.162991 0.321520
0.414440 0.527906
0.539678 0.391406
0.448369 0.491316
0.522509 0.675215
0.474064 0.590386
0.501521 0.276656
0.647730 0.531736
0.819525 0.374771
0.297224 0.476909
0.498943 0.911703
0.543161 0.617712
0.646802 0.489380
0.424445 0.186685
0.504601 0.717965
0.293614 0.428923
0.340872 0.444864
0.683704 0.484282
0.601152 0.485074
0.786639 0.394012
0.641922 0.502421
0.382070 0.482827
0.449005 0.569958
0.777753 0.386993
0.470131 0.339980
0.456321 0.422278
0.637932 0.519509
0.716948 0.395735
0.826577 0.342150
0.497407 0.161960
0.192257 0.345035
0.507490 0.528288
0.249406 0.385461
0.143880 0.320233
0.509389 0.756873
0.527828 0.157480
0.480634 0.231515
0.492105 0.875436
0.351161 0.481135
0.515571 0.894901
0.605089 0.126723
0.493217 0.709983
0.428524 0.127419
0.295170 0.501127
0.350667 0.141484
0.175643 0.391700
0.401959 0.514412
0.735178 0.454849
0.594938 0.497626
0.522049 0.761953
0.483660 0.293970
0.724704 0.444653
0.473345 0.788090
0.489491 0.223349
0.547548 0.195600
0.331353 0.458675
0.521685 0.404505
0.775687 0.361770
0.311678 0.423075
0.599452 0.476480
0.483878 0.325260
0.459187 0.297684
0.723577 0.463244
0.820426 0.410851
0.549485 0.338097
0.516052 0.825623
0.385855 0.155538
0.356946 0.547726
0.512175 0.607610
0.572406 0.453414
0.552155 0.145270
0.227718 0.445247
0.504387 0.460883
0.622303 0.163331
0.485320 0.330217
0.456527 0.372468
0.430882 0.588921
0.402103 0.543848
0.477550 0.431654
0.535118 0.805110
0.452945 0.744845
0.486119 0.571237
0.839662 0.346541
0.514361 0.394775
0.759751 0.453684
0.525642 0.369691
0.439782 0.468269
0.469512 0.854960
0.810637 0.386407
0.522300 0.717110
0.541151 0.521640
0.525361 0.504689
0.311847 0.399324
0.575137 0.548677
0.539690 0.635197
0.494224 0.832492
0.310091 0.456261
0.522355 0.144986
0.156188 0.411110
0.288099 0.396399
0.469307 0.236497
0.395480 0.576947
0.480507 0.780159
0.527973 0.686038
0.514071 0.777615
0.712481 0.426926
0.525678 0.693732
0.651401 0.540961
0.602917 0.189184
0.568726 0.182293
0.528771 0.358524
0.525559 0.679712
0.507666 0.191174
0.648976 0.103845
0.450543 0.463441
0.520203 0.563287
0.470493 0.227907
0.349984 0.144346
0.327288 0.488982
0.587939 0.520741
0.471829 0.752051
0.417426 0.540828
0.757444 0.378120
0.840720 0.384126
0.499453 0.792359
0.571799 0.178030
0.519441 0.493491
0.214214 0.394519
0.455801 0.611483
0.482985 0.519409
0.830329 0.368822
0.705523 0.438755
0.538385 0.457076
0.655160 0.453200
0.469132 0.779537
0.468594 0.752949
0.636643 0.157422
0.560757 0.215258
0.633009 0.420857
0.409624 0.125130
0.636525 0.430346
0.326871 0.403549
0.583138 0.595704
0.724458 0.429224
0.643515 0.134168
0.365286 0.501489
0.443685 0.597319
0.515861 0.333817
0.685748 0.519262
0.530670 0.154797
0.656176 0.428444
0.723634 0.447432
0.443016 0.143400
0.791564 0.370880
0.167217 0.350999
0.193623 0.438849
0.487956 0.892045
0.551647 0.471682
0.295682 0.431715
0.541200 0.837917
0.630453 0.143463
0.591792 0.447127
0.540432 0.751323
0.544033 0.523605
0.488529 0.448666
0.221659 0.359427
0.627751 0.447376
0.797109 0.344374
0.562942 0.595202
0.507508 0.365219
0.735530 0.431753
0.485880 0.381001
0.497490 0.435486
0.708012 0.428584
0.416758 0.187311
0.547893 0.201780
0.437589 0.489047
0.497535 0.394712
0.525078 0.625060
0.548434 0.304076
0.837482 0.383310
0.506933 0.817434
0.532740 0.398187
0.474188 0.726193
0.511913 0.667410
0.623006 0.434916
0.424605 0.552719
0.459415 0.132921
0.548658 0.238364
0.155575 0.409372
0.147681 0.359227
0.537431 0.152826
0.409151 0.173712
0.806094 0.433828
0.401564 0.151372
0.728510 0.448886
0.477845 0.399853
0.616964 0.538868
0.463155 0.312057
0.425344 0.122238
0.436000 0.209549
0.545519 0.542463
0.453061 0.603648
0.456434 0.790193
0.604942 0.519740
0.741872 0.368081
0.529365 0.131209
0.649753 0.431074
0.588565 0.506203
0.705255 0.411676
0.613264 0.450324
0.544431 0.631708
0.529864 0.209354
0.846399 0.410329
0.516009 0.232529
0.593045 0.452879
0.468060 0.541649
0.635109 0.142460
0.321074 0.519641
0.491083 0.887915
0.464969 0.344310
0.843401 0.389116
0.651315 0.146745
0.356159 0.455451
0.245101 0.454356
0.554602 0.518763
0.470953 0.473690
0.639973 0.120887
0.369919 0.491525
0.297731 0.457412
0.486673 0.799816
0.557583 0.481730
0.513397 0.226715
0.493316 0.833268
0.462489 0.689111
0.463123 0.334956
0.532336 0.160104
0.653011 0.111621
0.191052 0.382967
0.540720 0.157395
0.328121 0.536385
0.711251 0.447339
0.312386 0.400437
0.359435 0.544691
0.450073 0.766983
0.484616 0.714795
0.651065 0.500770
0.492530 0.729912
0.493771 0.883090
0.537423 0.710988
0.521752 0.280448
0.505632 0.230664
0.416784 0.477682
0.493102 0.332890
0.448892 0.288273
0.473981 0.422243
0.544204 0.825685
0.488908 0.160640
0.479739 0.183538
0.484578 0.824736
0.551418 0.483843
0.536384 0.295085
0.523187 0.658781
0.379538 0.158513
0.500130 0.244919
0.538926 0.853930
0.521848 0.421744
0.411260 0.562165
0.294916 0.435953
0.496572 0.762899
0.418395 0.495683
0.218463 0.407302
0.424765 0.149302
0.214220 0.376486
0.293876 0.409769
0.531537 0.284418
0.542779 0.297580
0.491126 0.455885
0.353786 0.480827
0.469767 0.467162
0.645656 0.532970
0.565868 0.467923
0.759620 0.435158
0.461324 0.794253
0.532689 0.308464
0.220425 0.349685
0.448692 0.433634
0.439330 0.226412
0.169139 0.424444
0.455092 0.316691
0.654023 0.533776
0.805017 0.340427
0.502699 0.690452
0.539063 0.690843
0.468921 0.566845
0.415377 0.569386
0.565740 0.198100
0.512225 0.577798
0.594570 0.557677
0.344367 0.535973
0.423014 0.546442
0.156296 0.350817
0.245059 0.430027
0.463736 0.664488
0.534180 0.145475
0.524644 0.208481
0.634965 0.476972
0.493119 0.563878
0.302635 0.504466
0.508041 0.403299
0.494785 0.783735
0.308446 0.409765
0.477427 0.252154
0.699929 0.454027
0.470076 0.786243
0.499293 0.540685
0.494035 0.165892
0.457613 0.187088
0.337554 0.445600
0.394227 0.115483
0.773349 0.354038
0.479520 0.744785
0.507311 0.873417
0.512325 0.519001
0.539413 0.374603
0.453257 0.166091
0.455350 0.845344
0.457345 0.452259
0.523598 0.413566
0.571869 0.603856
0.646200 0.103787
0.457822 0.290734
0.447565 0.826259
0.721011 0.383695
0.361998 0.160854
0.494195 0.651345
0.693046 0.472261
0.282772 0.397414
0.449402 0.437877
0.526483 0.475886
0.449041 0.538977
0.590275 0.140050
0.623935 0.168940
0.536782 0.668205
0.504430 0.310271
0.521073 0.190847
0.522840 0.561251
0.458090 0.512410
0.679725 0.459305
0.409267 0.561793
0.548198 0.278723
0.694048 0.490551
0.432711 0.191283
0.454152 0.497793
0.398110 0.136961
0.643776 0.444900
0.505978 0.650339
0.611928 0.499552
0.364769 0.145115
0.346381 0.086542
0.571201 0.134427
0.540505 0.760745
0.484976 0.213002
0.523208 0.700559
0.539213 0.875712
0.476638 0.206928
0.559293 0.140995
0.505605 0.393233
0.615728 0.167345
0.356919 0.138604
0.205132 0.365216
0.451732 0.676739
0.447063 0.705212
0.496519 0.598211
0.557889 0.161004
0.517923 0.164317
0.169009 0.374694
0.151657 0.351561
0.840299 0.363887
0.483566 0.532331
0.599365 0.481098
0.450987 0.765578
0.547648 0.330345
0.469474 0.559319
0.706512 0.444273
0.343169 0.473966
0.376791 0.450917
0.304903 0.480342
0.485145 0.350693
0.469320 0.250755
0.455879 0.463701
0.525303 0.872986
0.460609 0.150689
0.818348 0.418491
0.340224 0.117812
0.648108 0.505032
0.339377 0.408242
0.632509 0.152217
0.580160 0.474599
0.537113 0.812341
0.530946 0.452308
0.434540 0.584086
0.427079 0.146604
0.538721 0.458458
0.715262 0.472342
0.434940 0.478201
0.473193 0.159573
0.785986 0.344795
0.244696 0.406568
0.411349 0.447523
0.489738 0.718610
0.781963 0.404657
0.447800 0.494397
0.488280 0.813569
0.561348 0.155026
0.815053 0.349247
0.401124 0.579912
0.469169 0.187384
0.229653 0.390355
0.503045 0.175887
0.527829 0.525383
0.618710 0.180491
0.241950 0.423302
0.732839 0.410524
0.497282 0.746207
0.486338 0.147423
0.577461 0.583945
0.365785 0.111666
0.249973 0.478007
0.344417 0.427063
0.533257 0.808176
0.522462 0.339447
0.531635 0.560306
0.798879 0.379313
0.450194 0.306526
0.499879 0.180271
0.669842 0.467987
0.427895 0.210288
0.514711 0.648668
0.654475 0.427351
0.565176 0.508588
0.264721 0.390292
0.503713 0.796852
0.542687 0.763695
0.400702 0.194201
0.524582 0.317701
0.639667 0.555486
0.547981 0.517781
0.479111 0.319966
0.622518 0.483601
0.474888 0.247347
0.562618 0.493285
0.534452 0.756687
0.493886 0.812552
0.811351 0.411259
0.169121 0.367563
0.404346 0.561130
0.482622 0.539955
0.611257 0.185644
0.663403 0.513617
0.727480 0.489462
0.811296 0.346799
0.671679 0.510016
0.282571 0.447149
0.504848 0.418987
0.618175 0.103199
0.401077 0.512646
0.417817 0.544947
0.629711 0.428020
0.542494 0.388901
0.670438 0.500793
0.369500 0.437700
0.438509 0.152311
0.490665 0.772885
0.403031 0.183617
0.790651 0.368096
0.638166 0.454617
0.616119 0.475075
0.319383 0.514956
0.530018 0.493020
0.743115 0.442475
0.561597 0.224596
0.215987 0.363960
0.324213 0.420735
0.520691 0.671332
0.490394 0.195608
0.655608 0.487092
0.184689 0.372130
0.449835 0.382504
0.496839 0.230774
0.528120 0.398843
0.577919 0.146204
0.177025 0.380193
0.733505 0.491108
0.645801 0.124338
0.492343 0.286414
0.381167 0.105119
0.698398 0.462554
0.444403 0.485920
0.842348 0.339560
0.490495 0.409382
0.566205 0.543438
0.292288 0.398624
0.188742 0.439349
0.549166 0.391797
0.509934 0.886963
0.494584 0.686277
0.521661 0.896244
0.475993 0.845371
0.324564 0.478266
0.659898 0.474420
0.494624 0.455659
0.684384 0.523314
0.504474 0.760760
0.365431 0.432845
0.507384 0.860640
0.482116 0.200834
0.471098 0.745147
0.349855 0.088761
0.452574 0.220280
0.546256 0.359474
0.486903 0.338604
0.496670 0.837294
0.468770 0.431096
0.445325 0.204509
0.458661 0.484434
0.474643 0.899328
0.758545 0.390347
0.544525 0.268020
0.458161 0.532054
0.395372 0.147855
0.789155 0.432076
0.604275 0.436390
0.205145 0.403112
0.780001 0.362668
0.589808 0.129620
0.797535 0.412558
0.397943 0.445280
0.625211 0.164825
0.736141 0.396300
0.470538 0.268193
0.531072 0.607779
0.541809 0.871977
0.508073 0.767838
0.501214 0.828456
0.691497 0.518878
0.498720 0.536907
0.200505 0.441859
0.679365 0.401930
0.579458 0.215958
