0.385986 0.080970
0.413624 0.123246
0.606284 0.149088
0.452488 0.358938
0.582053 0.212658
0.442433 0.336311
0.515366 0.540428
0.341515 0.036549
0.499450 0.746084
0.478402 0.521054
0.487494 0.907400
0.400859 0.101393
0.434384 0.180324
0.507635 0.721054
0.456420 0.376420
0.621439 0.020730
0.519655 0.202056
0.463084 0.471006
0.532937 0.287920
0.607253 0.199138
0.474669 0.769778
0.545814 0.327437
0.506043 0.690327
0.513234 0.524334
0.568714 0.152867
0.518712 0.426406
0.380929 0.113448
0.525401 0.734971
0.351511 0.018327
0.401599 0.212883
0.560307 0.335752
0.587938 0.139555
0.437769 0.316215
0.358094 0.053651
0.536801 0.452210
0.460326 0.338198
0.575215 0.253388
0.452873 0.403064
0.494460 0.467456
0.550984 0.192953
0.475918 0.699882
0.414063 0.128497
0.479629 0.605070
0.475588 0.704467
0.587471 0.210384
0.520704 0.762584
0.358274 0.081399
0.521447 0.663499
0.547897 0.145730
0.483410 0.897462
0.558000 0.254086
0.486624 0.613559
0.474775 0.206137
0.500667 0.595436
0.552910 0.329227
0.531741 0.188885
0.497145 0.746887
0.487133 0.348757
0.470391 0.612016
0.582512 0.255734
0.392499 0.101577
0.586431 0.129757
0.423992 0.114023
0.442574 0.384910
0.493586 0.754688
0.491501 0.920793
0.484980 0.913524
0.486418 0.161259
0.480953 0.762277
0.491319 0.754930
0.519306 0.647248
0.500853 0.827742
0.525884 0.662188
0.446999 0.136126
0.521840 0.642606
0.477911 0.738453
0.457670 0.312842
0.457743 0.204638
0.491402 0.537359
0.343186 0.062246
0.483685 0.496413
0.521118 0.688337
0.500517 0.659523
0.545183 0.345435
0.523542 0.366038
0.431739 0.244583
0.521658 0.661283
0.513778 0.202562
0.516191 0.641250
0.580406 0.185701
0.368842 0.114919
0.591877 0.153138
0.539414 0.447388
0.581882 0.216879
0.466164 0.304595
0.462757 0.141090
0.487956 0.585365
0.499555 0.524247
0.512487 0.607762
0.538322 0.473549
0.576073 0.115696
0.516174 0.887972
0.497721 0.573873
0.446206 0.197358
0.319527 0.045574
0.411740 0.123420
0.473160 0.358897
0.502850 0.518094
0.693981 0.027326
0.522830 0.561101
0.660930 0.069154
0.495334 0.370694
0.563701 0.127099
0.448282 0.192391
0.390895 0.066189
0.484502 0.196449
0.395908 0.173887
0.470252 0.616978
0.518108 0.456313
0.466632 0.282296
0.362088 0.035775
0.479817 0.345253
0.421807 0.133469
0.623582 0.084397
0.396675 0.069840
0.471199 0.553274
0.498968 0.591014
0.482882 0.910682
0.487559 0.854650
0.608927 0.130055
0.505175 0.469223
0.412665 0.201200
0.450048 0.371321
0.514151 0.519313
0.527850 0.544644
0.460724 0.459274
0.478234 0.527509
0.546603 0.212091
0.539078 0.183161
0.443622 0.336869
0.356672 0.100112
0.357085 0.094816
0.669248 0.053561
0.576889 0.118693
0.511743 0.649107
0.395455 0.134228
0.564031 0.206136
0.375769 0.041256
0.555020 0.297882
0.474490 0.596941
0.335072 0.057489
0.497175 0.562167
0.539214 0.194017
0.523706 0.636127
0.392062 0.087863
0.559493 0.289020
0.590522 0.172378
0.500754 0.944116
0.518278 0.460280
0.546181 0.255989
0.654733 0.036206
0.570939 0.183402
0.503205 0.475943
0.523000 0.439707
0.494059 0.178360
0.448957 0.124964
0.482401 0.909295
0.669019 0.032653
0.610837 0.059956
0.505574 0.958249
0.375518 0.119916
0.603439 0.089596
0.456621 0.390447
0.544872 0.436531
0.469738 0.597279
0.336736 0.061932
0.500541 0.672804
0.436690 0.309270
0.375591 0.026849
0.527025 0.671905
0.388183 0.125217
0.571592 0.140464
0.646281 0.042689
0.435528 0.257285
0.471641 0.322689
0.517757 0.325164
0.444197 0.262383
0.483578 0.552106
0.493683 0.805864
0.563906 0.223273
0.376844 0.117373
0.431027 0.214080
0.514285 0.766256
0.665112 0.029452
0.474896 0.525110
0.603158 0.097512
0.496370 0.855665
0.558777 0.245773
0.477292 0.796736
0.576954 0.109652
0.403260 0.208834
0.509457 0.668921
0.480895 0.679286
0.472360 0.405075
0.436944 0.156069
0.507447 0.469090
0.511007 0.812492
0.453201 0.397054
0.663373 0.015089
0.454023 0.314575
0.483480 0.826299
0.517970 0.864328
0.623142 0.025657
0.430485 0.131673
0.521826 0.192371
0.477179 0.847067
0.561011 0.213403
0.327251 0.015649
0.516333 0.546888
0.396256 0.061674
0.523571 0.458969
0.515593 0.731633
0.497547 0.609036
0.443883 0.375715
0.318320 0.032555
0.439600 0.152970
0.561209 0.149654
0.557797 0.335531
0.494883 0.164678
0.530387 0.633120
0.507149 0.496647
0.582586 0.121255
0.427200 0.189124
0.318612 0.015554
0.463211 0.193580
0.439274 0.318509
0.439980 0.179824
0.637850 0.111708
0.524373 0.839919
0.548267 0.141966
0.401198 0.192301
0.520417 0.741974
0.443086 0.255580
0.536445 0.298994
0.506163 0.519494
0.588237 0.214368
0.542182 0.276155
0.315467 0.035139
0.348268 0.015901
0.699961 0.022709
0.502625 0.743146
0.489056 0.832043
0.543963 0.296106
0.369073 0.082028
0.652115 0.034731
0.492382 0.188488
0.369837 0.087508
0.484575 0.547567
0.565380 0.181374
0.510131 0.740721
0.499857 0.181776
0.366145 0.034144
0.418564 0.249124
0.487927 0.906099
0.463573 0.282848
0.429575 0.207547
0.550895 0.171401
0.574039 0.254271
0.509407 0.467247
0.555238 0.276836
0.492950 0.831248
0.485474 0.571521
0.491734 0.565510
0.504549 0.605461
0.540891 0.303476
0.458410 0.227230
0.520780 0.179498
0.607563 0.143407
0.569407 0.141826
0.449583 0.320536
0.384351 0.074627
0.451306 0.380814
0.523681 0.150473
0.529528 0.636488
0.441421 0.382742
0.520864 0.835468
0.406102 0.158232
0.453987 0.222940
0.532569 0.451759
0.594121 0.157920
0.639438 0.060255
0.483595 0.550968
0.466220 0.188985
0.524958 0.785582
0.625369 0.087979
0.459513 0.348476
0.595267 0.089234
0.455331 0.372226
0.334932 0.032923
0.407621 0.155823
0.392137 0.204405
0.468441 0.499885
0.463203 0.321857
0.516268 0.629065
0.457427 0.408931
0.412709 0.222173
0.468101 0.343604
0.521328 0.437895
0.542870 0.393936
0.434514 0.302630
0.547676 0.246498
0.515989 0.357316
0.653367 0.034850
0.481498 0.604150
0.534935 0.536303
0.485580 0.206587
0.443884 0.281741
0.451893 0.187925
0.519169 0.668173
0.443782 0.343652
0.515582 0.507552
0.422659 0.221641
0.518845 0.668973
0.366062 0.120829
0.561066 0.241150
0.546685 0.201458
0.529640 0.359588
0.510758 0.468345
0.582984 0.261950
0.614618 0.052802
0.525237 0.211955
0.593538 0.123156
0.562126 0.174613
0.479839 0.705762
0.462105 0.279585
0.592545 0.184085
0.499723 0.156635
0.474100 0.620274
0.532772 0.582319
0.440888 0.240468
0.598408 0.116194
0.605879 0.070925
0.510199 0.770369
0.575312 0.119627
0.333684 0.053727
0.499696 0.140582
0.557731 0.375314
0.647422 0.043497
0.506947 0.785206
0.427252 0.174204
0.427060 0.122604
0.465952 0.493151
0.473999 0.655140
0.435457 0.274752
0.542327 0.317884
0.624809 0.061537
0.440978 0.231737
0.477509 0.644472
0.410008 0.207005
0.550585 0.406600
0.510821 0.144865
0.524835 0.162617
0.456897 0.409331
0.597846 0.211062
0.515551 0.346169
0.364203 0.104977
0.501873 0.749069
0.514788 0.502540
0.550324 0.180765
0.623992 0.046274
0.368939 0.034902
0.613950 0.088633
0.448912 0.171213
0.376635 0.138802
0.538810 0.128732
0.458410 0.208465
0.446943 0.316312
0.558122 0.352527
0.381821 0.060772
0.522844 0.632798
0.379243 0.124593
0.421982 0.141960
0.516591 0.538782
0.483533 0.805605
0.623639 0.077272
0.438544 0.174321
0.461006 0.440416
0.548013 0.343935
0.524327 0.827782
0.523528 0.744890
0.481482 0.890991
0.443277 0.116141
0.506195 0.484725
0.363687 0.024155
0.481008 0.383014
0.488634 0.839963
0.487486 0.517632
0.418155 0.243078
0.422351 0.259632
0.383975 0.086418
0.529427 0.276325
0.599709 0.164283
0.417984 0.194432
0.550083 0.327305
0.664243 0.032231
0.499453 0.342954
0.468924 0.491642
0.497887 0.508719
0.547409 0.167384
0.450000 0.126196
0.559054 0.353299
0.460462 0.323357
0.394964 0.202830
0.476438 0.493794
0.600537 0.110234
0.504819 0.159920
0.480801 0.721459
0.389667 0.110237
0.466323 0.350858
0.541894 0.341368
0.506529 0.490526
0.529513 0.567444
0.549558 0.196973
0.496683 0.381711
0.497693 0.414048
0.500806 0.198624
0.506918 0.335239
0.695322 0.022268
0.621684 0.058633
0.515735 0.423662
0.433159 0.118864
0.457650 0.123180
0.590093 0.195536
0.384884 0.155583
0.471340 0.396929
0.523199 0.448558
0.470392 0.272978
0.426950 0.187851
0.416957 0.131932
0.426841 0.124549
0.449423 0.241745
0.486610 0.414264
0.477309 0.671258
0.507304 0.894194
0.505217 0.748464
0.549472 0.215177
0.496869 0.625191
0.481237 0.391659
0.502550 0.562377
0.455085 0.370572
0.468717 0.301992
0.590322 0.135535
0.474959 0.423704
0.505271 0.953191
0.482466 0.834177
0.514611 0.863015
0.493278 0.849351
0.412921 0.183180
0.440665 0.371086
0.405612 0.201053
0.298334 0.023764
0.586047 0.181433
0.477113 0.780114
0.470084 0.356751
0.481802 0.881878
0.472819 0.333300
0.434568 0.314233
0.565876 0.140060
0.439193 0.312592
0.679699 0.024919
0.473833 0.610160
0.494191 0.749363
0.633061 0.098403
0.581041 0.263245
0.475476 0.320364
0.513740 0.627199
0.515483 0.426376
0.516045 0.779491
0.449654 0.381263
0.503860 0.855968
0.474605 0.366849
0.432782 0.136993
0.478364 0.865607
0.583231 0.178951
0.497844 0.819172
0.497562 0.562938
0.382907 0.143448
0.550148 0.390638
0.577968 0.169048
0.384228 0.128187
0.310053 0.028636
0.518304 0.846880
0.438122 0.325169
0.466875 0.475290
0.393725 0.138458
0.490465 0.425850
0.488051 0.420022
0.469617 0.508699
0.612135 0.080612
0.481125 0.892245
0.392251 0.194193
0.489677 0.391032
0.512286 0.191206
0.515127 0.892455
0.513631 0.787442
0.515765 0.584482
0.485302 0.778835
0.563873 0.116894
0.597407 0.188831
0.403594 0.121560
0.505934 0.505410
0.540910 0.210485
0.476312 0.895594
0.524055 0.871682
0.657527 0.036638
0.519654 0.859300
0.568282 0.159224
0.388784 0.095192
0.413402 0.156697
0.396643 0.159787
0.486674 0.797030
0.484351 0.497256
0.483280 0.821565
0.647059 0.086098
0.505659 0.807758
0.651061 0.078411
0.392283 0.059030
0.537277 0.386609
0.563132 0.162543
0.502028 0.519756
0.569975 0.306989
0.623329 0.120768
0.454557 0.303796
0.525995 0.322808
0.485209 0.904922
0.583892 0.128597
0.413239 0.105081
0.523683 0.868538
0.609812 0.120310
0.567143 0.123561
0.548389 0.316228
0.493061 0.415822
0.475112 0.503726
0.489710 0.668282
0.495088 0.175451
0.507091 0.902706
0.476972 0.293493
0.528513 0.901373
0.562645 0.215465
0.359012 0.081854
0.511585 0.859568
0.512082 0.826417
0.485723 0.571144
0.612605 0.086916
0.556938 0.301113
0.485542 0.150381
0.489785 0.625358
0.499510 0.684865
0.474212 0.483270
0.515464 0.351431
0.477553 0.144228
0.550851 0.214763
0.499364 0.863731
0.624994 0.018050
0.486089 0.725376
0.369318 0.025284
0.470526 0.508421
0.427829 0.219638
0.510695 0.874383
0.468632 0.423164
0.562267 0.231136
0.513323 0.380380
0.488956 0.689041
0.514867 0.536453
0.453659 0.337872
0.628351 0.026847
0.446598 0.231005
0.385705 0.143913
0.528616 0.381155
0.461858 0.282929
0.408139 0.125684
0.411178 0.224357
0.524790 0.363784
0.568994 0.234261
0.497290 0.807496
0.356293 0.092548
0.504238 0.701270
0.480014 0.301677
0.419288 0.241760
0.527907 0.394444
0.638343 0.074418
0.459233 0.349699
0.466960 0.173879
0.481291 0.465592
0.523745 0.434701
0.448370 0.227821
0.498034 0.596128
0.451241 0.199931
0.590524 0.140267
0.480426 0.332959
0.511569 0.604031
0.500332 0.505355
0.514586 0.738786
0.517362 0.757382
0.373304 0.099671
0.436393 0.215572
0.410136 0.224229
0.508928 0.660324
0.588422 0.174423
0.647190 0.028619
0.473493 0.595450
0.622192 0.014532
0.558102 0.203734
0.392647 0.152027
0.511182 0.713891
0.622605 0.058810
0.498613 0.895708
0.467727 0.198157
0.394426 0.064603
0.517927 0.736538
0.437523 0.261367
0.493312 0.174376
0.550640 0.166973
0.514261 0.490286
0.491209 0.518510
0.487611 0.833017
0.574638 0.281915
0.452541 0.215355
0.417059 0.256262
0.474476 0.317899
0.444812 0.277207
0.458618 0.423739
0.665904 0.024733
0.505377 0.828685
0.516055 0.798047
0.390983 0.159257
0.420535 0.248328
0.343189 0.070109
0.438991 0.236250
0.481868 0.511451
0.537189 0.238257
0.449390 0.323741
0.538849 0.324591
0.573904 0.110482
0.421414 0.234975
0.387667 0.058280
0.540361 0.204633
0.337589 0.042954
0.486338 0.554431
0.490648 0.382610
0.559834 0.175870
0.494898 0.567576
0.502857 0.640206
0.513150 0.463741
0.508492 0.512433
0.524334 0.340972
0.526959 0.390077
0.614125 0.063610
0.525249 0.341348
0.506958 0.365778
0.633404 0.106390
0.467094 0.157946
0.602378 0.121998
0.434635 0.257865
0.654704 0.028146
0.479938 0.503608
0.496407 0.816397
0.556312 0.298872
0.644283 0.028913
0.520193 0.521550
0.443462 0.170595
0.648852 0.038297
0.545250 0.253350
0.419024 0.198705
0.593317 0.109473
0.443300 0.236389
0.551149 0.353221
0.523128 0.705765
0.581861 0.112044
0.546507 0.345770
0.435199 0.286011
0.504377 0.177063
0.442046 0.216031
0.367346 0.079679
0.480038 0.483397
0.632090 0.098363
0.462607 0.358198
0.466705 0.135913
0.471473 0.319082
0.481102 0.889101
0.423928 0.277303
0.517074 0.909897
0.441531 0.266642
0.473017 0.176703
0.484874 0.539099
0.522738 0.559151
0.379970 0.138494
0.467358 0.346282
0.496804 0.410519
0.545785 0.398174
0.517334 0.439499
0.474823 0.602664
0.404765 0.160065
0.503603 0.333868
0.347051 0.040786
0.503818 0.453101
0.491936 0.839853
0.509178 0.525660
0.396713 0.182089
0.472213 0.280770
0.376611 0.129686
0.587709 0.091932
0.503072 0.625910
0.576918 0.165322
0.535077 0.484948
0.529941 0.632024
0.383234 0.139656
0.494975 0.853784
0.464358 0.307176
0.489839 0.430356
0.637529 0.094543
0.566609 0.287229
0.529515 0.663228
0.497659 0.547620
0.537343 0.497508
0.448201 0.347065
0.522074 0.784638
0.387046 0.127505
0.542719 0.149978
0.475450 0.361539
0.393181 0.209619
0.420383 0.131610
0.484063 0.555719
0.542367 0.339138
0.440710 0.303313
0.512841 0.625179
0.588237 0.153651
0.473358 0.396308
0.513546 0.503531
0.441901 0.264067
0.497429 0.489483
0.500833 0.565080
0.525448 0.590242
0.490029 0.476673
0.542636 0.265608
0.557231 0.250338
0.512780 0.621787
0.498150 0.945448
0.549521 0.401358
0.658577 0.054018
0.518856 0.407471
0.510671 0.151588
0.486191 0.608062
0.513943 0.726415
0.530016 0.513159
0.423359 0.120356
0.492458 0.613344
0.331746 0.020199
0.573268 0.127714
0.525508 0.400371
0.574054 0.180557
0.505698 0.853724
0.494253 0.924928
0.505122 0.446427
0.464692 0.321770
0.526363 0.674017
0.383881 0.035259
0.526460 0.777024
0.509227 0.163137
0.428901 0.107930
0.384702 0.097557
0.551381 0.141110
0.518303 0.580046
0.511108 0.596542
0.513032 0.343516
0.548002 0.277090
0.314211 0.029427
0.519880 0.565369
0.479773 0.170069
0.540365 0.424836
0.515406 0.193274
0.517666 0.763321
0.450703 0.396762
0.494371 0.390405
0.514853 0.360147
0.528462 0.591390
0.465324 0.357020
0.564581 0.245965
0.492002 0.761694
0.538166 0.273471
0.512471 0.376676
0.494477 0.144339
0.498075 0.446391
0.490401 0.464025
0.368980 0.095750
0.488034 0.394278
0.444241 0.302815
0.610277 0.153417
0.496312 0.204918
0.420575 0.242461
0.539342 0.262116
0.456338 0.187805
0.567809 0.145772
0.443759 0.272564
0.560145 0.308375
0.486867 0.844182
0.464232 0.483450
0.451490 0.127920
0.441742 0.250864
0.608139 0.183758
0.465380 0.308208
0.526354 0.393677
0.385146 0.073387
0.503267 0.527238
0.488623 0.870198
0.674787 0.029476
0.472966 0.893013
0.490946 0.801268
0.536019 0.167683
0.520663 0.144305
0.522508 0.782594
0.491028 0.538468
0.648236 0.088768
0.653633 0.090353
0.564373 0.132095
0.382238 0.091548
0.445932 0.198706
0.543848 0.136178
0.485583 0.404991
0.462062 0.276800
0.611750 0.156984
0.536920 0.521312
0.451067 0.353237
0.498296 0.855223
0.570846 0.291985
0.519491 0.616277
0.483673 0.183220
0.474142 0.444491
0.517134 0.746331
0.467771 0.371084
0.445460 0.144290
0.472441 0.643073
0.511565 0.660365
0.530870 0.273694
0.453097 0.261317
0.473658 0.570304
0.409421 0.178428
0.440952 0.335336
0.358591 0.108270
0.497851 0.448109
0.437253 0.280717
0.391623 0.077630
0.463867 0.126457
0.482380 0.433846
0.444640 0.203673
0.507404 0.136197
0.421252 0.206445
0.569329 0.150069
0.510222 0.457869
0.567321 0.152371
0.448375 0.210399
0.563275 0.204099
0.386889 0.046084
0.469645 0.331543
0.543238 0.197875
0.546860 0.311105
0.439598 0.334986
0.515178 0.657734
0.523681 0.744269
0.515733 0.342587
0.444760 0.120867
0.466080 0.342885
0.429067 0.136051
0.509054 0.403876
0.392360 0.138016
0.663299 0.046812
0.562962 0.169043
0.372819 0.098453
0.523547 0.443209
0.454670 0.296097
0.474900 0.184002
0.403153 0.193891
0.525000 0.543917
0.502924 0.797071
0.360363 0.070468
0.527970 0.592768
0.533209 0.212411
0.499486 0.620627
0.494119 0.652196
0.464909 0.244267
0.467208 0.560996
0.540902 0.380133
0.536454 0.481959
0.653636 0.069611
0.519801 0.516156
0.467857 0.487883
0.489330 0.677107
0.321117 0.034413
0.642443 0.105252
0.511530 0.883318
0.478187 0.131562
0.468496 0.325217
0.519308 0.676411
0.533001 0.521401
0.441146 0.341271
0.540470 0.347599
0.475462 0.720111
0.353202 0.057491
0.592126 0.205076
0.385904 0.161181
0.547430 0.175725
0.493356 0.740569
0.483308 0.185844
0.619889 0.037707
0.525860 0.593735
0.494649 0.861569
0.452207 0.152905
0.500191 0.135905
0.643103 0.017404
0.618680 0.118133
0.488024 0.423878
0.467673 0.191023
0.488245 0.131382
0.499342 0.763948
0.487114 0.523347
0.479057 0.201656
0.510748 0.520614
0.485396 0.794985
0.488073 0.520583
0.364429 0.051004
0.472972 0.310366
0.664199 0.017716
0.457633 0.419268
0.499010 0.199728
0.605029 0.158004
0.467246 0.493938
0.472635 0.319316
0.316387 0.031866
0.617026 0.034972
0.612464 0.158015
0.510057 0.137732
0.491161 0.369039
0.657932 0.049293
0.390808 0.186487
0.545332 0.430235
0.515818 0.610051
0.537587 0.135267
0.600922 0.161595
0.359720 0.041735
0.633911 0.114418
0.316480 0.038904
0.448063 0.286277
0.643681 0.046231
0.492945 0.337622
0.632030 0.055774
0.610487 0.081550
0.499072 0.711299
0.493173 0.541747
0.328787 0.036256
0.605705 0.111786
0.406386 0.203858
0.627898 0.114233
0.345756 0.078936
0.647016 0.016824
0.519849 0.133438
0.569069 0.168246
0.475277 0.595610
0.492739 0.530259
0.565524 0.206792
0.392800 0.094607
0.481880 0.835493
0.347562 0.059570
0.569687 0.385688
0.570992 0.194664
0.526582 0.780596
0.510252 0.159839
0.342409 0.020058
0.533019 0.538065
0.396825 0.201781
0.475540 0.156313
0.447127 0.291010
0.512285 0.816902
0.418829 0.138613
0.556902 0.257976
0.503508 0.649560
0.623591 0.096920
0.470513 0.440784
0.463467 0.294160
0.471563 0.165899
0.356000 0.064249
0.542073 0.401892
0.498366 0.727242
0.652272 0.080733
0.616176 0.024406
0.521340 0.575548
0.459720 0.175657
0.492569 0.748103
0.526478 0.740221
0.524025 0.706999
0.447856 0.266617
