0.269854 0.302782
0.624063 0.248255
0.647421 0.111491
0.199336 0.348581
0.345227 0.558771
0.620315 0.688119
0.457970 0.219891
0.782562 0.317093
0.571682 0.159751
0.521499 0.883451
0.597787 0.553304
0.720145 0.345767
0.210412 0.384656
0.457145 0.495798
0.446485 0.199155
0.215146 0.299707
0.460090 0.364784
0.295073 0.564807
0.548936 0.594839
0.456020 0.740857
0.495977 0.873853
0.397091 0.308034
0.777786 0.378851
0.545472 0.360980
0.476416 0.501282
0.526803 0.626668
0.500767 0.503572
0.542932 0.118691
0.308794 0.521024
0.491291 0.889966
0.267714 0.466492
0.784443 0.360098
0.234488 0.285062
0.279827 0.293425
0.310453 0.377906
0.287828 0.369512
0.452292 0.342226
0.580639 0.721257
0.618956 0.171102
0.625038 0.091439
0.260204 0.167236
0.456254 0.669987
0.583745 0.830327
0.752073 0.400086
0.598895 0.593244
0.321504 0.548129
0.762863 0.326613
0.387563 0.547219
0.750463 0.212140
0.369904 0.637522
0.499952 0.179263
0.544597 0.639985
0.367649 0.437339
0.546004 0.779865
0.615397 0.213778
0.376112 0.554553
0.518971 0.223761
0.332961 0.487283
0.623220 0.597325
0.475770 0.349867
0.708279 0.350989
0.649872 0.355584
0.313893 0.436167
0.229927 0.362880
0.642015 0.096278
0.587862 0.696581
0.352414 0.486495
0.617990 0.602262
0.541297 0.636506
0.629888 0.128272
0.692841 0.164570
0.476038 0.767318
0.503815 0.575797
0.309654 0.449746
0.505067 0.403680
0.384317 0.410003
0.462116 0.242350
0.471155 0.818248
0.238987 0.309432
0.572839 0.723019
0.472009 0.350757
0.457496 0.756186
0.516299 0.108787
0.604257 0.111294
0.588555 0.655919
0.532874 0.601669
0.376640 0.362560
0.545119 0.879791
0.733590 0.352479
0.357995 0.499061
0.621566 0.362997
0.687545 0.205418
0.514901 0.132348
0.355550 0.588108
0.330856 0.427690
0.730778 0.350417
0.545917 0.501555
0.560000 0.109509
0.736095 0.276579
0.424153 0.257283
0.655196 0.159436
0.415891 0.571034
0.551493 0.173413
0.494176 0.643920
0.327016 0.535780
0.311276 0.338180
0.641286 0.230809
0.362159 0.454811
0.483677 0.435753
0.306357 0.394409
0.584576 0.628735
0.633181 0.117011
0.539302 0.870306
0.234209 0.485333
0.475301 0.319883
0.490831 0.615128
0.478206 0.770051
0.376847 0.636213
0.740271 0.267892
0.570580 0.553118
0.501503 0.730947
0.756415 0.256489
0.302796 0.519183
0.429552 0.697625
0.568540 0.073743
0.582096 0.625904
0.504293 0.262187
0.319516 0.460964
0.261173 0.178784
0.592623 0.630495
0.533691 0.471940
0.439885 0.354782
0.598177 0.098689
0.684212 0.274398
0.496407 0.275136
0.734882 0.305909
0.403505 0.255648
0.560936 0.187395
0.610945 0.261248
0.671539 0.353155
0.392136 0.445568
0.392935 0.651826
0.410461 0.647179
0.702839 0.192976
0.767945 0.300503
0.382641 0.634204
0.495120 0.436975
0.502861 0.113795
0.562259 0.315966
0.599179 0.666419
0.768977 0.285902
0.555662 0.655994
0.450990 0.506293
0.494191 0.472482
0.632586 0.346654
0.660100 0.144021
0.784932 0.253826
0.403576 0.323454
0.211755 0.443498
0.729544 0.195366
0.399096 0.412482
0.776042 0.276700
0.528988 0.346738
0.446770 0.649931
0.787804 0.312942
0.600801 0.696020
0.436407 0.290397
0.209390 0.400137
0.626755 0.663482
0.567407 0.602714
0.707012 0.159328
0.279585 0.306916
0.614273 0.711462
0.286294 0.386593
0.433940 0.447588
0.476451 0.642065
0.464617 0.721612
0.348393 0.574323
0.669601 0.115297
0.716335 0.310833
0.494497 0.091278
0.736516 0.279875
0.586137 0.198260
0.580954 0.091826
0.529481 0.804123
0.527160 0.402410
0.750829 0.353935
0.500937 0.700154
0.300296 0.156369
0.773820 0.376712
0.577063 0.774797
0.469794 0.162657
0.442701 0.365887
0.463495 0.772060
0.542092 0.460544
0.282309 0.346635
0.590752 0.215057
0.208783 0.328333
0.524056 0.139105
0.317692 0.498135
0.500190 0.202902
0.781114 0.381788
0.748445 0.212781
0.471937 0.185223
0.777188 0.347565
0.216749 0.373981
0.296137 0.492323
0.597034 0.288192
0.557457 0.710583
0.460089 0.569680
0.562669 0.736093
0.546527 0.730509
0.253407 0.364707
0.456236 0.642456
0.222841 0.272055
0.679182 0.272700
0.378150 0.396498
0.454596 0.189436
0.260074 0.324431
0.469603 0.747748
0.451611 0.475260
0.391865 0.291261
0.460111 0.774073
0.708313 0.286811
0.536292 0.838118
0.585313 0.686464
0.449032 0.453540
0.412404 0.653956
0.212370 0.429144
0.297858 0.537763
0.503635 0.743767
0.537436 0.693679
0.599369 0.776428
0.540327 0.611175
0.520060 0.865259
0.498968 0.326815
0.354387 0.490264
0.491383 0.269434
0.401970 0.338223
0.418941 0.339840
0.417119 0.353891
0.241706 0.452955
0.531777 0.519377
0.434266 0.568074
0.511778 0.164062
0.705857 0.313420
0.249053 0.195711
0.324099 0.523616
0.741844 0.208664
0.498200 0.080511
0.396930 0.670813
0.519914 0.359109
0.539593 0.635635
0.693048 0.136721
0.591749 0.734346
0.278693 0.383604
0.389114 0.405739
0.550799 0.376621
0.272751 0.206260
0.536041 0.693943
0.456525 0.713307
0.380451 0.534288
0.685566 0.341114
0.382724 0.382713
0.459151 0.224518
0.302437 0.480786
0.521351 0.206484
0.723616 0.332651
0.461307 0.750175
0.536758 0.338877
0.274883 0.467727
0.530498 0.372336
0.281440 0.170583
0.785558 0.264367
0.476398 0.797988
0.490559 0.769802
0.606591 0.588827
0.608682 0.759936
0.551363 0.248094
0.291028 0.352469
0.525015 0.251563
0.506540 0.193269
0.731638 0.334644
0.544366 0.071955
0.536827 0.245390
0.522092 0.315530
0.715987 0.245885
0.318762 0.536778
0.564233 0.242628
0.426741 0.243851
0.431766 0.465315
0.666853 0.211882
0.390611 0.305030
0.535118 0.107003
0.548857 0.347416
0.652289 0.303807
0.608355 0.090582
0.254305 0.477547
0.707056 0.365707
0.265585 0.440294
0.608995 0.102145
0.735791 0.288188
0.599579 0.559962
0.277730 0.521665
0.520962 0.283545
0.459368 0.185096
0.452856 0.544044
0.627309 0.117267
0.503634 0.660114
0.481857 0.800072
0.777664 0.414160
0.557934 0.696416
0.668144 0.116076
0.606244 0.193164
0.494422 0.592124
0.505264 0.451067
0.424445 0.363794
0.461753 0.176903
0.389815 0.398642
0.232434 0.248890
0.743084 0.192965
0.256099 0.346065
0.381272 0.372428
0.754123 0.285095
0.398599 0.398906
0.295030 0.547051
0.597647 0.594202
0.414382 0.331377
0.405502 0.582880
0.500520 0.819456
0.479035 0.571669
0.202569 0.374264
0.298753 0.449592
0.334916 0.406127
0.535291 0.242211
0.596068 0.253902
0.700900 0.227738
0.504610 0.196388
0.491669 0.544037
0.696077 0.298514
0.739098 0.329984
0.680582 0.153024
0.523438 0.484126
0.551047 0.191490
0.445497 0.604609
0.387023 0.374022
0.599408 0.793400
0.450694 0.311912
0.606437 0.266627
0.382719 0.494055
0.515910 0.160408
0.462953 0.678114
0.547026 0.412017
0.303728 0.468424
0.464565 0.556082
0.467516 0.328309
0.491049 0.184141
0.548569 0.715186
0.537587 0.345155
0.565808 0.643872
0.591549 0.225775
0.439667 0.587328
0.669046 0.337100
0.474383 0.556870
0.736747 0.219471
0.234991 0.246604
0.292512 0.534126
0.406671 0.302477
0.633757 0.663146
0.623537 0.184537
0.706277 0.346569
0.372552 0.637208
0.576855 0.731258
0.280499 0.165966
0.621281 0.233231
0.780711 0.337598
0.564663 0.216092
0.479389 0.404852
0.389861 0.314270
0.498231 0.434202
0.522508 0.735750
0.313354 0.486090
0.527548 0.821647
0.378056 0.305405
0.727328 0.298133
0.646961 0.239505
0.724939 0.257533
0.500647 0.530138
0.506163 0.384831
0.692847 0.239083
0.633610 0.319016
0.563498 0.139000
0.261758 0.448570
0.505223 0.414772
0.597054 0.368988
0.342308 0.580816
0.573015 0.709300
0.565761 0.729742
0.472621 0.737621
0.257242 0.351355
0.601897 0.709335
0.510585 0.630063
0.511694 0.887638
0.451818 0.508530
0.444267 0.309300
0.658276 0.276796
0.233148 0.468522
0.526429 0.620607
0.503935 0.417271
0.545819 0.717993
0.268901 0.421222
0.280030 0.412082
0.389493 0.311708
0.442688 0.207093
0.674394 0.268020
0.715648 0.273379
0.562407 0.774351
0.429844 0.330447
0.463679 0.522906
0.678025 0.208544
0.561140 0.327411
0.292799 0.396841
0.451463 0.691727
0.351453 0.533337
0.477353 0.224509
0.630393 0.259698
0.341694 0.440077
0.516417 0.528874
0.318213 0.558339
0.401197 0.485846
0.584222 0.296508
0.485393 0.385306
0.287995 0.463741
0.517971 0.228859
0.575788 0.793140
0.608846 0.279549
0.426723 0.629592
0.715689 0.291585
0.691568 0.255438
0.746570 0.244514
0.574842 0.783257
0.248267 0.444729
0.598488 0.234473
0.325422 0.411605
0.724495 0.181689
0.611546 0.297985
0.557340 0.804580
0.460070 0.361100
0.724919 0.369840
0.575472 0.244074
0.719267 0.210694
0.262749 0.451535
0.498136 0.492797
0.218271 0.415755
0.437491 0.699685
0.727812 0.214012
0.414689 0.639759
0.277881 0.464738
0.388233 0.456457
0.259260 0.344363
0.699842 0.202442
0.521737 0.260313
0.254124 0.308026
0.592451 0.705254
0.708531 0.294259
0.523850 0.223273
0.514881 0.168027
0.482597 0.149225
0.239733 0.318683
0.268337 0.546557
0.577857 0.388189
0.737021 0.256909
0.599824 0.807278
0.339157 0.460663
0.501374 0.790321
0.701925 0.338001
0.613756 0.283940
0.268453 0.371298
0.256993 0.229666
0.783383 0.261157
0.515212 0.338643
0.528851 0.409939
0.569492 0.753025
0.675737 0.253479
0.398290 0.409071
0.606275 0.211662
0.526053 0.078381
0.418501 0.351415
0.559958 0.628346
0.512290 0.682521
0.561563 0.613160
0.295329 0.538292
0.526834 0.169403
0.616378 0.114506
0.539171 0.220605
0.600811 0.727864
0.501455 0.724404
0.256982 0.420017
0.728326 0.227482
0.732129 0.188178
0.403368 0.250569
0.272853 0.356275
0.587550 0.567747
0.290810 0.436945
0.524924 0.356288
0.568234 0.628310
0.539277 0.237255
0.546208 0.474576
0.565736 0.148085
0.315560 0.381634
0.386694 0.305889
0.629213 0.143674
0.393171 0.565894
0.751953 0.381088
0.533044 0.370828
0.278710 0.446242
0.497978 0.511738
0.435814 0.535212
0.223224 0.446289
0.325365 0.583541
0.543275 0.645213
0.493378 0.082960
0.632619 0.649737
0.535204 0.804764
0.576634 0.733899
0.517864 0.898535
0.470023 0.583851
0.243656 0.331491
0.596770 0.377574
0.550647 0.337060
0.682659 0.316875
0.517904 0.717692
0.290193 0.215397
0.313961 0.354052
0.261947 0.472905
0.463606 0.926364
0.307114 0.496197
0.474385 0.749817
0.545651 0.139574
0.610948 0.624017
0.309111 0.478060
0.575712 0.716574
0.478484 0.259218
0.408216 0.365603
0.346646 0.421254
0.570910 0.111938
0.472311 0.778468
0.534470 0.647454
0.609053 0.655119
0.261486 0.396531
0.504637 0.544999
0.285270 0.320640
0.554155 0.603595
0.507658 0.105057
0.716406 0.274282
0.515933 0.241228
0.771016 0.349244
0.528473 0.757466
0.212288 0.249372
0.520650 0.246287
0.241261 0.336524
0.598825 0.190028
0.432099 0.604687
0.495019 0.850101
0.775102 0.411245
0.465750 0.203894
0.713582 0.147341
0.512167 0.891634
0.523184 0.100843
0.587325 0.370778
0.681232 0.336921
0.251904 0.287232
0.289150 0.496659
0.410750 0.320898
0.696673 0.242575
0.252460 0.465296
0.421132 0.439818
0.600908 0.779927
0.342135 0.527167
0.338799 0.436711
0.451194 0.726501
0.308892 0.373783
0.404701 0.318141
0.467690 0.701635
0.369069 0.566011
0.245682 0.417549
0.655776 0.208941
0.754724 0.242653
0.225976 0.356294
0.614993 0.698739
0.557628 0.304900
0.515937 0.351651
0.592358 0.663004
0.685562 0.184692
0.289008 0.454654
0.584079 0.161747
0.598842 0.280191
0.463222 0.335291
0.626421 0.139461
0.741579 0.380731
0.616717 0.199504
0.242691 0.283720
0.539811 0.325709
0.768139 0.380748
0.395735 0.513721
0.766062 0.219148
0.575847 0.763667
0.576387 0.152582
0.410967 0.479602
0.542559 0.229397
0.305048 0.428833
0.339319 0.435648
0.522801 0.696333
0.614085 0.126920
0.525998 0.395584
0.608971 0.652584
0.772436 0.353506
0.606932 0.082439
0.481297 0.696058
0.554010 0.261157
0.604821 0.326877
0.553489 0.109095
0.469227 0.534334
0.571512 0.841231
0.292934 0.462690
0.477436 0.904043
0.578633 0.615003
0.435336 0.522101
0.530414 0.652605
0.441223 0.549148
0.423097 0.218604
0.262699 0.437158
0.752127 0.312817
0.606392 0.301114
0.623103 0.671212
0.431643 0.243126
0.606093 0.577305
0.339928 0.473517
0.357503 0.562554
0.397093 0.653477
0.479501 0.637640
0.279016 0.420946
0.649888 0.202737
0.343505 0.433697
0.494053 0.588750
0.427502 0.699448
0.547178 0.269235
0.380737 0.326725
0.484767 0.439628
0.566829 0.754823
0.510870 0.153165
0.523137 0.716824
0.401224 0.379748
0.308324 0.578630
0.583333 0.774526
0.278176 0.369474
0.704078 0.153468
0.431413 0.335147
0.456328 0.182855
0.679699 0.206141
0.443575 0.334267
0.546279 0.236603
0.412009 0.383193
0.251477 0.235708
0.558932 0.571402
0.554782 0.622872
0.309397 0.342515
0.561372 0.486408
0.249767 0.237865
0.274938 0.519320
0.450994 0.183402
0.378082 0.604993
0.764267 0.374997
0.266376 0.438744
0.615779 0.299389
0.442198 0.202030
0.614582 0.165417
0.318237 0.537720
0.411548 0.500421
0.217176 0.253928
0.638430 0.259017
0.768621 0.278290
0.549582 0.312712
0.392831 0.637175
0.434559 0.697492
0.628912 0.728304
0.350158 0.530069
0.560761 0.164863
0.460152 0.167233
0.529269 0.751367
0.465025 0.565329
0.394779 0.468019
0.513122 0.809153
0.267897 0.446820
0.470987 0.582074
0.310992 0.558411
0.471329 0.470403
0.570781 0.623630
0.499150 0.879276
0.592821 0.639189
0.487602 0.282844
0.511483 0.479712
0.419307 0.572014
0.496128 0.382089
0.389490 0.266747
0.508972 0.639135
0.327054 0.589844
0.424080 0.472321
0.786875 0.265791
0.309333 0.518702
0.515149 0.363033
0.399637 0.395142
0.610487 0.178914
0.628683 0.178546
0.733811 0.216588
0.499612 0.666557
0.582047 0.739889
0.552747 0.542559
0.469401 0.496604
0.309698 0.555681
0.426557 0.433985
0.353166 0.515359
0.687865 0.235954
0.418503 0.269209
0.550171 0.183496
0.214919 0.276652
0.492952 0.246388
0.225238 0.224362
0.619776 0.613481
0.530725 0.571235
0.509658 0.301843
0.396322 0.521663
0.383362 0.492717
0.361900 0.588144
0.635320 0.142529
0.630813 0.163207
0.637285 0.349755
0.477612 0.507573
0.577889 0.747348
0.504706 0.450006
0.699644 0.365117
0.744482 0.338574
0.337256 0.595476
0.542307 0.698017
0.526687 0.808060
0.583624 0.792394
0.736032 0.241770
0.531942 0.559112
0.599269 0.253597
0.618815 0.226831
0.494832 0.190595
0.567405 0.561038
0.595389 0.200146
0.232287 0.444602
0.517427 0.565548
0.260509 0.245864
0.512328 0.426866
0.338755 0.419920
0.230403 0.291457
0.357933 0.437424
0.571160 0.200620
0.556399 0.706712
0.729744 0.367295
0.737361 0.177724
0.621528 0.080601
0.670452 0.178154
0.449417 0.636490
0.601028 0.594915
0.266229 0.353226
0.566034 0.669615
0.632459 0.697592
0.288858 0.420206
0.564397 0.126440
0.691360 0.123844
0.553634 0.626300
0.569599 0.410935
0.600154 0.120450
0.343472 0.572062
0.376093 0.350006
0.398193 0.479354
0.478983 0.687828
0.527895 0.394709
0.256698 0.419000
0.608959 0.334893
0.390594 0.299434
0.580864 0.064514
0.278603 0.543175
0.654203 0.189218
0.212799 0.258253
0.611102 0.281972
0.513393 0.701193
0.428585 0.296178
0.559103 0.534288
0.568790 0.236666
0.386548 0.623980
0.422257 0.282071
0.335370 0.460164
0.277992 0.301656
0.670757 0.136109
0.209706 0.300237
0.422735 0.612170
0.532306 0.822119
0.525793 0.234355
0.516332 0.116965
0.504442 0.278351
0.447958 0.240017
0.521617 0.737899
0.475041 0.539129
0.440381 0.606004
0.749755 0.372561
0.572634 0.131060
0.722616 0.351208
0.585051 0.561205
0.566798 0.830758
0.527824 0.091141
0.489499 0.440054
0.547357 0.130398
0.509345 0.227020
0.575171 0.655424
0.466870 0.479929
0.594976 0.376886
0.255288 0.289804
0.284582 0.408123
0.235387 0.248582
0.311559 0.400229
0.548687 0.722704
0.241126 0.197056
0.531287 0.525279
0.586057 0.239331
0.375187 0.471407
0.712054 0.283278
0.529518 0.357258
0.540449 0.775242
0.447514 0.600168
0.421020 0.221285
0.786097 0.446211
0.562380 0.080682
0.481675 0.682854
0.482005 0.225919
0.500777 0.797195
0.488312 0.253849
0.611808 0.620139
0.295091 0.522003
0.604602 0.330697
0.600652 0.356351
0.252212 0.436350
0.617106 0.614539
0.537528 0.775016
0.603754 0.381265
0.560544 0.548875
0.527180 0.462556
0.642023 0.184983
0.741617 0.329752
0.590218 0.726932
0.459704 0.200091
0.485048 0.399898
0.484819 0.376166
0.724768 0.162061
0.449778 0.259114
0.577096 0.665257
0.493815 0.171764
0.501683 0.633214
0.540851 0.090622
0.201101 0.333412
0.341379 0.425780
0.487786 0.531224
0.447061 0.603204
0.591332 0.741372
0.480268 0.345845
0.337191 0.523597
0.546347 0.318182
0.627322 0.095520
0.203789 0.327835
0.204552 0.378250
0.483914 0.200804
0.371508 0.571486
0.535317 0.371396
0.417333 0.670096
0.525703 0.448252
0.611009 0.613087
0.784198 0.425448
0.462345 0.280917
0.505653 0.553924
0.374580 0.626151
0.531656 0.726690
0.470930 0.419179
0.248936 0.215994
0.475115 0.145260
0.438185 0.569714
0.514710 0.474617
0.396250 0.657674
0.203868 0.400418
0.521126 0.108490
0.609373 0.198476
0.716150 0.244505
0.551298 0.863704
0.505581 0.299596
0.531785 0.185382
0.510431 0.905892
0.555724 0.058040
0.785794 0.434838
0.771510 0.406261
0.404948 0.256079
0.571166 0.292948
0.333988 0.578242
0.641134 0.289664
0.601237 0.775713
0.583101 0.525964
0.259482 0.180152
0.634147 0.257143
0.651146 0.226263
0.526416 0.223641
0.731670 0.202220
0.237327 0.381982
0.578551 0.765583
0.491870 0.469313
0.276138 0.190292
0.464445 0.409959
0.522749 0.523096
0.412226 0.251174
0.363268 0.485868
0.436499 0.449720
0.296167 0.180575
0.710893 0.264508
0.379980 0.551061
0.335633 0.587147
0.658179 0.113082
0.713634 0.358654
0.798505 0.372305
0.477331 0.308966
0.505417 0.422301
0.500509 0.565289
0.699506 0.187426
0.484653 0.232627
0.550089 0.448156
0.443668 0.440775
0.273413 0.516772
0.461181 0.512478
0.558416 0.349445
0.540604 0.693678
0.545407 0.433244
0.644001 0.137807
0.467280 0.669505
0.427724 0.597347
0.749308 0.203313
0.419439 0.412181
0.552108 0.708549
0.528479 0.794237
0.274050 0.370768
0.609428 0.642103
0.731801 0.264269
0.562789 0.207958
0.212702 0.394829
0.402177 0.352528
0.508690 0.624869
0.267125 0.253192
0.470910 0.689128
0.277816 0.258416
0.534317 0.329382
0.799607 0.371551
0.773388 0.437870
0.497408 0.269263
0.622288 0.211567
0.224637 0.365391
0.434623 0.606252
0.588691 0.558908
0.544424 0.795050
0.483467 0.655696
0.671226 0.249741
0.667388 0.260941
0.688402 0.225859
0.500448 0.348357
0.522998 0.100692
0.677131 0.112180
0.469393 0.888052
0.670312 0.215422
0.684064 0.211760
0.682877 0.187138
0.506168 0.788338
0.591226 0.334707
0.550713 0.688957
0.312131 0.422441
0.248001 0.304521
0.563027 0.307314
0.449243 0.510722
0.292371 0.264657
0.787204 0.307417
0.400149 0.441039
0.606858 0.327421
0.546895 0.625410
0.528241 0.085048
0.514815 0.425360
0.363772 0.475893
0.604532 0.315629
0.498724 0.479677
0.567571 0.137491
0.512887 0.500960
0.287030 0.381965
0.772243 0.373634
0.397547 0.426886
