0.541659 0.609371
0.569172 0.655058
0.824567 0.597439
0.646809 0.660270
0.487332 0.363847
0.238543 0.477423
0.511449 0.407756
0.467605 0.495266
0.662121 0.434774
0.410520 0.242422
0.639108 0.700044
0.614277 0.760449
0.476256 0.344964
0.725324 0.501284
0.442772 0.749400
0.550661 0.734871
0.322238 0.553012
0.487687 0.436641
0.411557 0.582028
0.737726 0.654668
0.710161 0.543869
0.571888 0.330613
0.506762 0.688275
0.387815 0.706779
0.520443 0.328828
0.706048 0.557624
0.598832 0.741832
0.255161 0.564853
0.653216 0.589843
0.605176 0.310972
0.490841 0.375105
0.391723 0.354615
0.581450 0.638165
0.378086 0.499312
0.406261 0.520058
0.168230 0.651124
0.556088 0.625469
0.435140 0.280770
0.498115 0.218786
0.273712 0.611534
0.630548 0.549009
0.822393 0.601089
0.409735 0.328994
0.507030 0.260592
0.840208 0.712592
0.474356 0.361973
0.822747 0.711559
0.272564 0.545878
0.552238 0.310695
0.455538 0.461390
0.389201 0.650730
0.583277 0.803367
0.181770 0.675707
0.571015 0.440614
0.637071 0.371041
0.513361 0.590409
0.492237 0.249174
0.294635 0.736891
0.684714 0.538315
0.647136 0.613529
0.430364 0.411824
0.570819 0.369874
0.465652 0.594480
0.521418 0.710816
0.835149 0.592787
0.684753 0.750968
0.619287 0.474591
0.318512 0.542424
0.560180 0.749160
0.590781 0.523418
0.726087 0.419224
0.214057 0.777216
0.561924 0.335193
0.566560 0.675124
0.603530 0.569651
0.465227 0.551481
0.553765 0.753779
0.300721 0.687876
0.311894 0.778140
0.763799 0.470480
0.443079 0.577241
0.591914 0.723289
0.780323 0.692562
0.439747 0.490888
0.259892 0.585481
0.291440 0.699568
0.378827 0.741646
0.692696 0.816333
0.472433 0.605295
0.479935 0.484791
0.613911 0.524257
0.685936 0.572770
0.612101 0.330491
0.345780 0.486446
0.220450 0.466313
0.560367 0.421670
0.449157 0.533633
0.274351 0.739213
0.647923 0.688610
0.398072 0.467281
0.751164 0.568817
0.493200 0.177728
0.270486 0.674819
0.565378 0.680546
0.293676 0.470603
0.583850 0.519002
0.216255 0.673502
0.617730 0.667265
0.547131 0.708032
0.272776 0.652956
0.475241 0.409466
0.273609 0.413365
0.455398 0.578456
0.597944 0.792023
0.837294 0.575781
0.836657 0.585046
0.334370 0.378009
0.605658 0.485436
0.316897 0.765718
0.494062 0.189034
0.577447 0.676816
0.185442 0.761514
0.323500 0.825990
0.491165 0.366834
0.569256 0.586082
0.414645 0.563197
0.719305 0.824987
0.530941 0.447311
0.333455 0.765325
0.467447 0.589631
0.601917 0.767220
0.525576 0.262348
0.388445 0.344726
0.756944 0.689304
0.329619 0.343019
0.716873 0.651298
0.468908 0.709989
0.479768 0.585562
0.705222 0.791844
0.610975 0.437114
0.186124 0.719461
0.523074 0.368660
0.516829 0.482147
0.391081 0.442079
0.327292 0.352959
0.760520 0.727978
0.723224 0.776777
0.671424 0.783083
0.250003 0.607224
0.790778 0.635934
0.618974 0.457398
0.596258 0.576763
0.739723 0.709746
0.409233 0.658201
0.739793 0.554796
0.459354 0.512161
0.656754 0.753989
0.696209 0.779973
0.375987 0.310043
0.443221 0.476075
0.552590 0.710607
0.335329 0.646784
0.370801 0.414904
0.611276 0.509801
0.843769 0.711900
0.667124 0.420112
0.319198 0.463061
0.507765 0.570022
0.447727 0.650356
0.583631 0.320747
0.387118 0.715914
0.800860 0.558735
0.487576 0.487992
0.666245 0.329852
0.546992 0.498811
0.251272 0.580390
0.329211 0.442653
0.789922 0.666134
0.738485 0.779734
0.398589 0.261398
0.233460 0.771084
0.476273 0.691577
0.314089 0.778974
0.241986 0.600076
0.429753 0.424496
0.374695 0.627264
0.415087 0.753605
0.560071 0.512064
0.540135 0.443987
0.658079 0.424839
0.506872 0.535713
0.303148 0.498185
0.481657 0.256798
0.214924 0.571472
0.577197 0.419898
0.674245 0.730861
0.748508 0.737854
0.797467 0.520099
0.563846 0.259086
0.375036 0.408231
0.592339 0.330441
0.462237 0.435173
0.364778 0.566043
0.775486 0.563311
0.395097 0.423713
0.473966 0.206058
0.773810 0.688868
0.347002 0.363205
0.334096 0.791899
0.453625 0.565781
0.630486 0.414420
0.333889 0.667871
0.504086 0.225946
0.467334 0.706714
0.734773 0.498761
0.758772 0.714905
0.560712 0.606206
0.474444 0.274746
0.734395 0.555517
0.729173 0.498954
0.267919 0.508302
0.522291 0.441216
0.439823 0.699662
0.578720 0.696048
0.324027 0.564392
0.160308 0.570934
0.755459 0.514897
0.300747 0.833304
0.524599 0.652735
0.753966 0.778576
0.611142 0.681641
0.260961 0.794876
0.685035 0.497935
0.668419 0.582203
0.579181 0.782382
0.417190 0.407258
0.492274 0.619010
0.788516 0.504693
0.662312 0.331988
0.763374 0.541610
0.821412 0.736225
0.317779 0.813087
0.369046 0.346296
0.706007 0.752848
0.632280 0.565225
0.256103 0.605772
0.600446 0.779344
0.687459 0.743400
0.278791 0.572050
0.179667 0.586840
0.465332 0.743063
0.842133 0.594132
0.606897 0.476891
0.424601 0.576831
0.467435 0.668391
0.830214 0.691181
0.580558 0.348165
0.567359 0.580550
0.584302 0.512667
0.208031 0.599344
0.745979 0.717766
0.324566 0.362059
0.460931 0.703594
0.497090 0.409043
0.391441 0.655666
0.546492 0.612266
0.443883 0.639573
0.460031 0.245224
0.572861 0.780770
0.494920 0.268060
0.361183 0.487656
0.539281 0.505277
0.198239 0.627705
0.444695 0.649883
0.733659 0.629385
0.175457 0.538803
0.749064 0.771880
0.652935 0.374082
0.491744 0.499222
0.460906 0.472488
0.760100 0.648901
0.606837 0.676080
0.536419 0.435022
0.736602 0.687952
0.427689 0.754083
0.437912 0.690486
0.490841 0.288872
0.670510 0.433496
0.511651 0.236793
0.410481 0.795083
0.725299 0.817720
0.351586 0.656554
0.339679 0.435269
0.238932 0.659812
0.465886 0.482354
0.491626 0.230891
0.250864 0.789145
0.513982 0.653288
0.286218 0.829482
0.332278 0.426418
0.466234 0.471904
0.268163 0.730753
0.349057 0.494645
0.528156 0.660196
0.492916 0.598385
0.503205 0.437421
0.528846 0.622958
0.243271 0.580411
0.534408 0.433623
0.416858 0.732132
0.259550 0.739694
0.313060 0.679740
0.429713 0.690961
0.579271 0.706465
0.462329 0.641706
0.520526 0.592699
0.785601 0.722034
0.472940 0.739063
0.472580 0.469629
0.345799 0.517453
0.377375 0.467796
0.825076 0.659437
0.525065 0.533647
0.792559 0.765003
0.709950 0.506948
0.517796 0.631090
0.597229 0.407832
0.654961 0.350412
0.384956 0.652711
0.275395 0.526692
0.534275 0.634824
0.358803 0.639417
0.495571 0.257859
0.569114 0.642040
0.257390 0.553570
0.538997 0.346293
0.382311 0.564527
0.598011 0.536688
0.430110 0.702247
0.354504 0.675208
0.327241 0.588922
0.775475 0.763999
0.714207 0.547102
0.505759 0.434106
0.781001 0.503388
0.722598 0.394808
0.276488 0.749174
0.678524 0.826497
0.582310 0.667679
0.461373 0.623550
0.412570 0.364725
0.830125 0.670877
0.229190 0.446678
0.821877 0.552364
0.680486 0.531210
0.603075 0.795182
0.217450 0.783581
0.536298 0.281658
0.365586 0.575648
0.565558 0.464680
0.521224 0.245851
0.285328 0.417826
0.405136 0.508029
0.381952 0.661578
0.616963 0.353807
0.454801 0.341833
0.164598 0.729669
0.585521 0.414959
0.641109 0.461481
0.275677 0.760518
0.287617 0.790295
0.358639 0.811233
0.630160 0.312359
0.733778 0.469927
0.405256 0.401931
0.303485 0.690105
0.646221 0.582129
0.351111 0.771608
0.489139 0.535659
0.629804 0.755047
0.804403 0.494845
0.784405 0.750414
0.701641 0.823932
0.540628 0.234162
0.540063 0.345963
0.719895 0.744222
0.570597 0.525551
0.322669 0.813332
0.210105 0.731097
0.388151 0.672071
0.787438 0.588402
0.249587 0.670612
0.744805 0.754353
0.314055 0.730927
0.295945 0.519753
0.553259 0.249875
0.477658 0.252387
0.774130 0.637579
0.648492 0.826305
0.423963 0.749811
0.592730 0.383109
0.216927 0.462019
0.610428 0.694457
0.438731 0.299580
0.534456 0.488187
0.312915 0.519215
0.394088 0.577041
0.446550 0.672127
0.362315 0.770786
0.832225 0.590069
0.447916 0.449283
0.781686 0.606456
0.522280 0.683715
0.778890 0.739928
0.411009 0.563528
0.522038 0.608728
0.479474 0.667456
0.508567 0.413844
0.487315 0.665978
0.700648 0.794069
0.230531 0.648535
0.516887 0.326200
0.571320 0.452847
0.408239 0.472205
0.442026 0.646232
0.202948 0.707061
0.825148 0.621511
0.309960 0.581317
0.389045 0.313366
0.170279 0.626451
0.304702 0.784930
0.333861 0.696282
0.337867 0.373216
0.597765 0.655612
0.274001 0.735013
0.258581 0.808202
0.458590 0.640517
0.388138 0.473731
0.506965 0.347717
0.283460 0.489164
0.580321 0.397046
0.681031 0.496335
0.211386 0.613890
0.394150 0.731506
0.770383 0.646862
0.294093 0.490446
0.445723 0.715857
0.560921 0.679034
0.592651 0.761229
0.447215 0.677747
0.510281 0.410071
0.680719 0.512201
0.323509 0.334898
0.192919 0.538748
0.344726 0.305711
0.835251 0.579809
0.338316 0.718515
0.380362 0.595100
0.502966 0.361214
0.361331 0.415395
0.312302 0.431957
0.288510 0.698015
0.377139 0.645082
0.263946 0.531728
0.584152 0.538307
0.456930 0.402897
0.749909 0.498003
0.205705 0.771963
0.845144 0.655358
0.414660 0.781126
0.612398 0.477933
0.223841 0.606781
0.670911 0.386382
0.351434 0.768810
0.727641 0.444751
0.150325 0.661320
0.840750 0.720696
0.371323 0.653695
0.841451 0.680676
0.662833 0.692990
0.171227 0.663479
0.716770 0.701010
0.445083 0.417043
0.403716 0.414759
0.773580 0.504149
0.668939 0.328016
0.770547 0.542775
0.176267 0.616693
0.379401 0.696171
0.451409 0.764624
0.827387 0.741408
0.403256 0.481195
0.300764 0.574719
0.412215 0.727912
0.201161 0.680105
0.497012 0.578622
0.621213 0.273264
0.735340 0.591245
0.683269 0.785042
0.421647 0.422693
0.409284 0.537058
0.537153 0.592815
0.389557 0.406193
0.367626 0.514305
0.368504 0.416392
0.344125 0.355415
0.329192 0.495386
0.759580 0.697555
0.578266 0.556765
0.379860 0.575441
0.662007 0.373862
0.283301 0.664496
0.323613 0.336258
0.291895 0.514215
0.413254 0.252875
0.550870 0.206982
0.777172 0.583304
0.564352 0.429935
0.576194 0.298714
0.590992 0.387336
0.261250 0.595725
0.721538 0.565609
0.367127 0.601651
0.538268 0.449989
0.294147 0.624504
0.437413 0.632931
0.359804 0.683070
0.682874 0.338061
0.482315 0.629174
0.468074 0.617993
0.583684 0.550327
0.653773 0.631092
0.634466 0.750910
0.714134 0.720903
0.285136 0.450860
0.758535 0.804302
0.555860 0.216301
0.405024 0.706999
0.659544 0.447007
0.789942 0.777412
0.431093 0.476547
0.462288 0.475543
0.273960 0.530805
0.634483 0.658928
0.482805 0.310428
0.215676 0.720274
0.492945 0.543094
0.498862 0.628220
0.628930 0.351145
0.521498 0.628535
0.610166 0.511166
0.403383 0.693027
0.415316 0.407771
0.271091 0.659269
0.734681 0.666732
0.734269 0.428170
0.226460 0.599713
0.769169 0.511428
0.781655 0.552578
0.349746 0.408538
0.312335 0.796378
0.480541 0.727649
0.542250 0.643219
0.231686 0.482130
0.249146 0.813811
0.596308 0.453184
0.498286 0.459498
0.813925 0.668964
0.687580 0.826306
0.745134 0.415128
0.472223 0.677462
0.735821 0.503006
0.537410 0.381895
0.568942 0.319413
0.406925 0.470809
0.526672 0.527546
0.499733 0.211621
0.211701 0.496008
0.479825 0.689056
0.361790 0.559744
0.657835 0.730396
0.368593 0.469999
0.448075 0.539711
0.629427 0.341594
0.601822 0.484478
0.376679 0.281008
0.428357 0.513268
0.783814 0.671116
0.757421 0.723108
0.281073 0.569349
0.651755 0.435606
0.458889 0.525676
0.296937 0.615680
0.787541 0.779339
0.570606 0.225879
0.314135 0.572795
0.413643 0.309019
0.572041 0.550766
0.737732 0.698397
0.538231 0.522606
0.420129 0.292088
0.406393 0.686477
0.586248 0.532383
0.813407 0.658157
0.262003 0.653612
0.620650 0.754904
0.535459 0.288968
0.261137 0.605219
0.189131 0.706656
0.678751 0.650231
0.470257 0.561183
0.679153 0.347547
0.333680 0.661014
0.580288 0.578981
0.488283 0.335848
0.227113 0.590927
0.467849 0.209246
0.744044 0.703703
0.223858 0.733548
0.503026 0.351683
0.386501 0.454064
0.536315 0.343027
0.275296 0.670698
0.487762 0.340460
0.213946 0.608694
0.452744 0.467227
0.512320 0.511309
0.699628 0.666407
0.380431 0.569508
0.483531 0.401459
0.533834 0.247527
0.228046 0.767491
0.795678 0.751396
0.310288 0.536887
0.342741 0.325613
0.329761 0.650883
0.671344 0.454763
0.434572 0.718192
0.358691 0.719067
0.374437 0.406253
0.746990 0.513163
0.480335 0.637103
0.384756 0.509953
0.663492 0.508262
0.313436 0.768390
0.265036 0.730461
0.628898 0.692568
0.213314 0.586421
0.587197 0.625363
0.355922 0.680743
0.399017 0.728140
0.749501 0.816473
0.198461 0.650309
0.424929 0.275460
0.582674 0.515983
0.347660 0.748472
0.558689 0.284465
0.628978 0.697869
0.237946 0.602962
0.717971 0.634147
0.733259 0.498182
0.273656 0.694591
0.570782 0.224703
0.189453 0.550083
0.306360 0.534510
0.319181 0.415526
0.598488 0.289689
0.182548 0.642606
0.339198 0.484503
0.718855 0.681955
0.767044 0.771323
0.633361 0.398615
0.518083 0.467462
0.758959 0.526750
0.267146 0.533695
0.358872 0.788126
0.672114 0.424498
0.328962 0.681673
0.577665 0.451396
0.689201 0.703745
0.413031 0.706446
0.814724 0.640943
0.825127 0.677754
0.576369 0.733916
0.597552 0.685895
0.322088 0.590953
0.628215 0.487269
0.663081 0.651110
0.362429 0.739092
0.533912 0.733485
0.359322 0.755379
0.380006 0.375283
0.374039 0.675193
0.400012 0.473669
0.268356 0.583601
0.506504 0.543534
0.745201 0.499506
0.199695 0.664245
0.580367 0.700673
0.152855 0.596326
0.774899 0.551455
0.458021 0.472444
0.489326 0.650994
0.559874 0.361560
0.653483 0.745402
0.276926 0.544715
0.813096 0.695978
0.452907 0.610842
0.616049 0.468281
0.601847 0.280833
0.487768 0.452127
0.583889 0.778706
0.595215 0.389450
0.832460 0.594659
0.766040 0.501705
0.726869 0.434028
0.606742 0.783991
0.646440 0.673150
0.689921 0.380031
0.344629 0.699062
0.327384 0.325141
0.608199 0.747554
0.465575 0.635557
0.459290 0.382428
0.541511 0.423610
0.527033 0.740536
0.573477 0.322786
0.469097 0.395206
0.779702 0.696385
0.224983 0.469107
0.344991 0.518070
0.636774 0.296552
0.454964 0.435955
0.546986 0.273565
0.638726 0.566252
0.309908 0.377146
0.575952 0.379845
0.501558 0.339285
0.540086 0.614318
0.435508 0.740870
0.523090 0.361291
0.632541 0.385504
0.431083 0.758848
0.624443 0.575553
0.373582 0.544544
0.564093 0.711522
0.480476 0.302741
0.313749 0.541711
0.597015 0.399953
0.476927 0.350721
0.788083 0.715907
0.469197 0.534964
0.715730 0.776055
0.610153 0.350797
0.482601 0.445257
0.601276 0.537845
0.664598 0.375358
0.501810 0.224623
0.725053 0.724478
0.648729 0.416277
0.388820 0.529510
0.691318 0.425282
0.513744 0.632306
0.439817 0.747961
0.563897 0.223621
0.521649 0.205829
0.462809 0.246952
0.518943 0.409408
0.740382 0.474610
0.625406 0.326673
0.615162 0.807566
0.436186 0.403248
0.184206 0.670464
0.411761 0.573151
0.814972 0.759496
0.469498 0.446476
0.302906 0.436061
0.682331 0.684496
0.631237 0.440052
0.408867 0.389926
0.169050 0.553233
0.405796 0.681643
0.271103 0.513495
0.600262 0.485444
0.425897 0.313247
0.656852 0.571902
0.659357 0.518622
0.483800 0.283496
0.616282 0.699141
0.379632 0.385950
0.634982 0.644197
0.325764 0.669157
0.761767 0.492689
0.434451 0.306470
0.469097 0.467116
0.385157 0.475846
0.612159 0.760005
0.594324 0.557987
0.493032 0.182122
0.207986 0.605646
0.661040 0.434953
0.247519 0.783527
0.314409 0.687531
0.551828 0.443242
0.159091 0.661951
0.239848 0.626057
0.308241 0.606424
0.256465 0.460595
0.800884 0.626671
0.544666 0.766632
0.300379 0.680075
0.707308 0.681612
0.240584 0.474605
0.659915 0.794000
0.699261 0.517968
0.458273 0.316441
0.332440 0.460246
0.225759 0.653498
0.729401 0.418925
0.639659 0.762791
0.411757 0.421473
0.742130 0.785044
0.318135 0.411603
0.218945 0.696928
0.408809 0.586176
0.600342 0.428622
0.411524 0.308257
0.590365 0.446961
0.657390 0.583209
0.586086 0.300478
0.337629 0.402167
0.522276 0.607818
0.543359 0.364885
0.687082 0.363887
0.447432 0.740834
0.305384 0.435911
0.173197 0.615922
0.346381 0.661108
0.619118 0.367093
0.416857 0.341319
0.777771 0.702005
0.360798 0.333577
0.503053 0.354173
0.759141 0.806748
0.689202 0.744713
0.587536 0.450036
0.485960 0.280730
0.689993 0.756505
0.411094 0.504582
0.686675 0.399802
0.244943 0.815327
0.648652 0.646655
0.541740 0.498474
0.670267 0.330319
0.442564 0.264965
0.731773 0.734673
0.583410 0.458920
0.242037 0.699282
0.770587 0.443614
0.214131 0.560754
0.573475 0.715815
0.542052 0.422919
0.342058 0.621997
0.305922 0.601404
0.389512 0.296708
0.786131 0.735062
0.562882 0.282676
0.298368 0.805305
0.613746 0.492838
0.405017 0.287895
0.449061 0.394607
0.450380 0.459216
0.621216 0.392781
0.441909 0.645404
0.669947 0.422783
0.319205 0.716198
0.659091 0.532697
0.828958 0.727671
0.503885 0.662092
0.659427 0.539651
0.452861 0.520977
0.271455 0.712185
0.195596 0.502165
0.639087 0.546775
0.713697 0.737153
0.193790 0.675856
0.459047 0.428912
0.195933 0.518796
0.538510 0.600329
0.596288 0.505204
0.749201 0.462014
0.358674 0.549210
0.331034 0.749501
0.184725 0.635343
0.381403 0.703880
0.588597 0.536042
0.586209 0.633913
0.781760 0.461096
0.194677 0.624132
0.460918 0.409584
0.453665 0.442536
0.816710 0.733670
0.454337 0.706558
0.521480 0.498131
0.669756 0.539386
0.488740 0.321617
0.607648 0.289262
0.388398 0.518815
0.751141 0.785736
0.628443 0.749823
0.240078 0.800451
0.636577 0.659792
0.204910 0.713577
0.266522 0.565816
0.319639 0.694439
0.773242 0.552231
0.715578 0.498653
0.636737 0.482321
0.716454 0.462218
0.539675 0.249107
0.777257 0.567729
0.580845 0.281105
0.525333 0.231075
0.280043 0.734716
0.675333 0.501881
0.758880 0.429479
0.594523 0.463312
0.267580 0.808039
0.207860 0.670256
0.502759 0.515564
0.495549 0.698351
0.469785 0.340164
0.741604 0.798418
0.564065 0.278256
0.652000 0.517241
0.207033 0.734495
0.745052 0.413981
0.348481 0.524098
0.226974 0.656040
0.364636 0.497709
0.413749 0.477323
0.276232 0.487807
0.547429 0.767674
0.173313 0.639489
0.565970 0.575051
0.320765 0.803810
0.665446 0.362505
0.455425 0.362527
0.664701 0.374502
0.514243 0.260126
0.753362 0.641511
0.560646 0.261781
0.771197 0.621503
0.648590 0.592014
0.316293 0.830882
0.541004 0.568699
0.610891 0.689725
0.385038 0.424147
0.378763 0.424525
0.247764 0.486113
0.606438 0.383387
0.220476 0.744428
0.838518 0.689587
0.361812 0.533297
0.459128 0.567498
0.335805 0.465109
0.720165 0.559601
0.592381 0.540988
0.734302 0.510279
0.175873 0.748823
0.452803 0.246001
0.197207 0.698038
0.664141 0.524755
0.219379 0.785917
0.553536 0.476435
0.519658 0.194467
0.622122 0.537958
0.257306 0.590482
0.597586 0.456407
0.352814 0.581786
0.514011 0.248032
0.555298 0.708631
0.550120 0.357642
0.751608 0.571934
0.247213 0.775136
0.361135 0.451135
0.182570 0.533592
0.698019 0.458732
0.403744 0.459927
0.673822 0.790592
0.249641 0.589093
0.483526 0.459577
0.783332 0.604041
0.448644 0.443976
0.550672 0.302997
0.162394 0.697596
0.363369 0.509848
0.377561 0.487998
0.627863 0.563588
0.468168 0.278640
