0.322039 0.723975
0.226007 0.242002
0.371298 0.408562
0.337230 0.165917
0.772687 0.196289
0.564862 0.351944
0.782707 0.482564
0.223018 0.434468
0.427031 0.347964
0.346593 0.370209
0.723563 0.230392
0.416421 0.289521
0.214248 0.370145
0.522063 0.550806
0.752896 0.447313
0.643363 0.504552
0.325273 0.239027
0.713711 0.332209
0.434801 0.244205
0.495408 0.181025
0.568329 0.335193
0.465901 0.179811
0.333727 0.330353
0.256245 0.350364
0.361732 0.244577
0.298509 0.307375
0.312901 0.483412
0.712126 0.650037
0.433423 0.836287
0.766132 0.487371
0.699768 0.299415
0.209950 0.355009
0.674747 0.756319
0.663456 0.528843
0.376631 0.375317
0.594446 0.540184
0.531004 0.136904
0.319837 0.358396
0.651031 0.379139
0.531872 0.539420
0.351656 0.489264
0.259767 0.419108
0.370326 0.396337
0.520257 0.401094
0.633314 0.422107
0.231088 0.201395
0.208397 0.444476
0.404798 0.161730
0.405800 0.201747
0.707470 0.149767
0.333556 0.325499
0.737992 0.445886
0.643860 0.236126
0.675509 0.367115
0.626473 0.205672
0.619018 0.267429
0.441239 0.237782
0.351945 0.786968
0.450660 0.491253
0.410528 0.396114
0.298246 0.701580
0.391791 0.314344
0.664652 0.162161
0.782736 0.351571
0.387218 0.304114
0.782371 0.482655
0.664054 0.360365
0.696167 0.525648
0.783801 0.195219
0.289762 0.448448
0.302366 0.582544
0.260899 0.227079
0.287788 0.599989
0.534948 0.159977
0.691310 0.731005
0.745953 0.427110
0.694587 0.488509
0.219433 0.420875
0.612001 0.549513
0.715658 0.170371
0.280371 0.230054
0.265000 0.330647
0.272528 0.267684
0.362040 0.804485
0.491804 0.432155
0.780752 0.283914
0.451410 0.539180
0.627285 0.824764
0.338468 0.336360
0.279526 0.155931
0.662613 0.688781
0.715734 0.299359
0.656220 0.714736
0.315543 0.163156
0.243802 0.284980
0.340288 0.727204
0.319733 0.236778
0.282051 0.382146
0.456663 0.261931
0.405145 0.180586
0.359264 0.306105
0.777693 0.283247
0.506060 0.120946
0.406054 0.803214
0.312058 0.207905
0.633640 0.334311
0.319201 0.344737
0.432517 0.416803
0.295619 0.163120
0.378236 0.308045
0.717887 0.657422
0.342505 0.205937
0.746489 0.194133
0.715848 0.473273
0.610493 0.549024
0.218056 0.364909
0.556829 0.468802
0.332637 0.784765
0.359694 0.492150
0.724606 0.286600
0.531737 0.127020
0.325286 0.232857
0.657234 0.535012
0.316604 0.274039
0.719693 0.201420
0.567143 0.348571
0.466577 0.253071
0.357578 0.530594
0.734938 0.233942
0.586541 0.238090
0.495664 0.848335
0.425390 0.832621
0.404934 0.407187
0.667771 0.743417
0.325707 0.451721
0.517210 0.168225
0.484970 0.149730
0.315815 0.308463
0.414967 0.424004
0.473605 0.528751
0.607079 0.806690
0.536185 0.152515
0.443171 0.491122
0.514624 0.522793
0.477282 0.140017
0.296577 0.397727
0.682939 0.262885
0.225903 0.247597
0.233777 0.350773
0.374407 0.259539
0.251651 0.494151
0.756783 0.259677
0.455745 0.856561
0.342742 0.668664
0.642703 0.438321
0.644783 0.791925
0.430150 0.444272
0.637124 0.466469
0.386147 0.147984
0.326363 0.751768
0.320622 0.591996
0.452368 0.291773
0.515715 0.852764
0.667852 0.548234
0.277429 0.303074
0.475094 0.879876
0.339898 0.132897
0.297354 0.317302
0.283975 0.216636
0.318315 0.366879
0.459665 0.506561
0.586448 0.330247
0.736725 0.341183
0.623267 0.396233
0.234087 0.186654
0.291288 0.278110
0.669766 0.487352
0.636927 0.382964
0.427447 0.518271
0.349077 0.251730
0.341827 0.618151
0.307670 0.610253
0.373602 0.469699
0.537768 0.173883
0.657578 0.630604
0.250380 0.142438
0.333696 0.406862
0.484978 0.403793
0.362144 0.433830
0.556908 0.524516
0.445025 0.415790
0.273331 0.423399
0.558009 0.433272
0.475851 0.422757
0.718175 0.457193
0.644240 0.327184
0.392464 0.262617
0.249846 0.208938
0.486423 0.830233
0.283040 0.144686
0.456239 0.401640
0.383973 0.215519
0.568455 0.360525
0.742492 0.415021
0.538527 0.403293
0.468712 0.830084
0.561489 0.162032
0.757603 0.235139
0.264783 0.149079
0.710326 0.480898
0.456614 0.479669
0.596325 0.156986
0.261387 0.294665
0.309795 0.663035
0.361134 0.428463
0.238311 0.378207
0.406736 0.155201
0.424275 0.229386
0.424823 0.524788
0.459894 0.261387
0.532240 0.467679
0.339436 0.399553
0.287526 0.569704
0.441318 0.260154
0.335215 0.612482
0.318329 0.255053
0.708100 0.147379
0.790205 0.447048
0.256186 0.372462
0.755489 0.152974
0.587943 0.472926
0.266322 0.432624
0.353163 0.806287
0.339626 0.217465
0.434107 0.230645
0.755634 0.462733
0.636737 0.274918
0.486367 0.131064
0.250421 0.172057
0.214471 0.277340
0.325297 0.486494
0.484012 0.522029
0.266393 0.178286
0.224992 0.393925
0.331229 0.292762
0.246547 0.319389
0.672350 0.533907
0.407493 0.534697
0.249433 0.497156
0.511223 0.464872
0.701710 0.342697
0.560694 0.132936
0.706267 0.548415
0.647301 0.726059
0.569126 0.549272
0.705375 0.150282
0.612842 0.454300
0.611420 0.422548
0.213488 0.174431
0.770841 0.511481
0.490643 0.436237
0.454557 0.183561
0.448195 0.447549
0.223052 0.170732
0.479894 0.530722
0.396879 0.357272
0.313822 0.662376
0.716674 0.220800
0.567484 0.387858
0.329694 0.258126
0.378851 0.206069
0.389159 0.457135
0.415013 0.347998
0.712926 0.143295
0.645257 0.391633
0.374875 0.782518
0.366133 0.820613
0.790006 0.534355
0.329843 0.719569
0.779284 0.368437
0.528304 0.458296
0.700205 0.214854
0.333279 0.774089
0.540793 0.264827
0.538165 0.287839
0.496931 0.217085
0.437021 0.539966
0.546238 0.425064
0.572910 0.240454
0.709251 0.443876
0.624407 0.297454
0.598667 0.342405
0.386325 0.395783
0.569165 0.506284
0.402941 0.142281
0.548871 0.273136
0.370145 0.442494
0.514570 0.128678
0.789089 0.475513
0.338729 0.157427
0.281430 0.348315
0.687260 0.161093
0.328854 0.345468
0.266862 0.453953
0.316053 0.215163
0.301672 0.461483
0.331280 0.312162
0.638176 0.130349
0.445437 0.408663
0.414895 0.236040
0.327957 0.694784
0.631959 0.207953
0.297936 0.202120
0.592376 0.273910
0.652204 0.210269
0.790355 0.186067
0.696517 0.228645
0.329904 0.299130
0.683568 0.356037
0.742683 0.473763
0.596115 0.409855
0.554169 0.263530
0.318079 0.233926
0.696874 0.356326
0.469308 0.174232
0.432575 0.156321
0.402846 0.514518
0.694061 0.213858
0.675045 0.790618
0.634151 0.789285
0.516632 0.848472
0.390894 0.846790
0.258711 0.422326
0.655573 0.206819
0.227734 0.340068
0.412555 0.453747
0.324654 0.548137
0.519626 0.477016
0.667956 0.208122
0.271018 0.374200
0.400834 0.257094
0.693365 0.283220
0.534396 0.876067
0.389359 0.170979
0.212157 0.483489
0.320978 0.540536
0.390967 0.378565
0.602614 0.803153
0.585438 0.825669
0.447689 0.535010
0.317981 0.401004
0.686203 0.228871
0.698518 0.749774
0.672833 0.459470
0.447107 0.454248
0.348396 0.212948
0.717182 0.374201
0.508256 0.461012
0.551078 0.166203
0.296343 0.339266
0.242866 0.233762
0.568452 0.435380
0.319360 0.146095
0.275604 0.180944
0.695065 0.628366
0.304861 0.256727
0.404513 0.226388
0.511821 0.538141
0.308314 0.719183
0.616287 0.804823
0.456208 0.454732
0.610018 0.185124
0.330498 0.490889
0.610681 0.791540
0.424412 0.144629
0.302522 0.526327
0.600123 0.297804
0.352624 0.791308
0.473308 0.864401
0.540725 0.473022
0.230085 0.440519
0.244972 0.274216
0.595272 0.393934
0.748618 0.439207
0.412736 0.294091
0.690301 0.222830
0.462977 0.407854
0.349909 0.427533
0.417237 0.400337
0.624434 0.446781
0.697958 0.468598
0.364724 0.496094
0.611159 0.797765
0.769076 0.535695
0.610226 0.170857
0.617200 0.421765
0.565862 0.402312
0.405705 0.539917
0.713313 0.634775
0.439540 0.277927
0.515296 0.418138
0.718865 0.352534
0.784048 0.486713
0.714293 0.618278
0.569762 0.473720
0.773240 0.232272
0.539521 0.460681
0.361289 0.347505
0.736656 0.189563
0.594816 0.209543
0.335997 0.284855
0.305713 0.265582
0.284952 0.406703
0.389801 0.421951
0.425918 0.236946
0.263951 0.167547
0.568030 0.249836
0.342597 0.707787
0.751377 0.529818
0.254484 0.207596
0.659828 0.380095
0.582523 0.231635
0.406587 0.823267
0.509916 0.209189
0.647042 0.756714
0.595357 0.261244
0.639448 0.328615
0.701082 0.431118
0.343063 0.146070
0.336044 0.619804
0.429787 0.417749
0.568649 0.322938
0.520148 0.824509
0.602911 0.835993
0.576346 0.501346
0.572973 0.269528
0.285983 0.404433
0.312827 0.577549
0.444151 0.547118
0.505658 0.432992
0.258348 0.198871
0.257177 0.251534
0.280727 0.193891
0.358397 0.827263
0.454759 0.864517
0.235000 0.366404
0.683219 0.457885
0.488326 0.877008
0.631884 0.776833
0.292300 0.523588
0.791934 0.152485
0.430780 0.517543
0.535225 0.465745
0.514484 0.846432
0.657257 0.600520
0.780027 0.303308
0.743425 0.317879
0.626704 0.802970
0.684243 0.404505
0.783238 0.282630
0.509828 0.507695
0.534560 0.231310
0.487952 0.150606
0.412235 0.189181
0.674652 0.329801
0.297952 0.649278
0.511548 0.857251
0.330781 0.538326
0.694451 0.526359
0.325913 0.555114
0.443942 0.134414
0.462776 0.459484
0.299207 0.433126
0.208904 0.518132
0.595652 0.177554
0.281726 0.583124
0.700706 0.729078
0.467341 0.481793
0.594598 0.381668
0.278173 0.444153
0.647272 0.820529
0.591011 0.241243
0.648462 0.383679
0.307015 0.345943
0.373825 0.338698
0.761684 0.165051
0.328113 0.321584
0.393835 0.370457
0.628854 0.478173
0.749139 0.419976
0.516099 0.139895
0.271296 0.236048
0.670440 0.455116
0.361760 0.207004
0.768692 0.209210
0.340113 0.721946
0.341867 0.280533
0.347847 0.181200
0.580976 0.369169
0.577224 0.189507
0.435799 0.482332
0.570504 0.330398
0.609592 0.383583
0.388256 0.416286
0.266601 0.531548
0.686021 0.139460
0.472840 0.512318
0.379679 0.385922
0.491115 0.523999
0.352874 0.447535
0.290768 0.668842
0.573810 0.354852
0.631642 0.827875
0.611199 0.289714
0.368318 0.155618
0.312489 0.216449
0.357442 0.283799
0.287442 0.679782
0.579388 0.338580
0.517841 0.417086
0.439089 0.434422
0.573373 0.291752
0.593457 0.472524
0.542513 0.209400
0.579957 0.493360
0.621320 0.795578
0.448983 0.418916
0.611295 0.156632
0.462024 0.871027
0.582509 0.544675
0.536436 0.869850
0.670909 0.403339
0.286787 0.645149
0.630344 0.499757
0.778632 0.150776
0.748960 0.269235
0.387680 0.818432
0.583982 0.843809
0.436103 0.410501
0.564803 0.299731
0.376856 0.496468
0.305390 0.435766
0.684177 0.555072
0.297624 0.621232
0.500394 0.545395
0.527402 0.511196
0.341028 0.650839
0.618204 0.484937
0.689381 0.616654
0.324205 0.778541
0.478687 0.512454
0.294856 0.307121
0.601152 0.322853
0.762551 0.513415
0.471835 0.412586
0.681021 0.708779
0.579751 0.490388
0.671422 0.513931
0.567685 0.502379
0.505972 0.489671
0.655177 0.540937
0.300591 0.720739
0.516794 0.141606
0.258446 0.357956
0.258871 0.310969
0.408464 0.143496
0.432052 0.464931
0.525867 0.820323
0.711363 0.486317
0.525515 0.843928
0.508499 0.440002
0.704465 0.597485
0.217577 0.437843
0.666695 0.495725
0.788155 0.182642
0.306783 0.547370
0.632731 0.129225
0.494740 0.194372
0.504351 0.876505
0.735800 0.527961
0.397454 0.389614
0.443225 0.861616
0.410436 0.527013
0.752049 0.527171
0.717203 0.455829
0.607481 0.357643
0.506070 0.131768
0.264078 0.517330
0.422240 0.381913
0.713450 0.197598
0.561967 0.518427
0.698458 0.137454
0.416550 0.147908
0.321924 0.570840
0.660221 0.797212
0.241012 0.480786
0.244498 0.511092
0.447894 0.238651
0.750263 0.477243
0.763771 0.216296
0.758110 0.297181
0.763449 0.430233
0.422409 0.814025
0.404896 0.788847
0.463658 0.256881
0.651839 0.337907
0.431706 0.385002
0.712096 0.501927
0.288227 0.275136
0.487523 0.157211
0.563312 0.205437
0.305734 0.207099
0.358608 0.378308
0.668144 0.409963
0.439521 0.164457
0.332584 0.222453
0.582977 0.851770
0.598939 0.462806
0.218064 0.472678
0.451205 0.387633
0.766355 0.539687
0.621597 0.437315
0.219487 0.457494
0.638402 0.512191
0.676046 0.363492
0.279853 0.338578
0.666803 0.681356
0.562205 0.805044
0.709433 0.394204
0.448299 0.822424
0.539269 0.819609
0.708245 0.512854
0.562146 0.172987
0.373527 0.263989
0.736879 0.266962
0.613501 0.834123
0.677979 0.566594
0.611269 0.363573
0.228499 0.516442
0.291839 0.551353
0.337895 0.806197
0.656755 0.436524
0.693073 0.364659
0.643686 0.181648
0.644247 0.546711
0.272493 0.457544
0.446097 0.499759
0.588973 0.162876
0.297609 0.294175
0.300743 0.414717
0.750083 0.536246
0.733273 0.293266
0.509546 0.844736
0.333190 0.436340
0.696653 0.614128
0.293383 0.528979
0.705353 0.235941
0.568590 0.535516
0.322659 0.183443
0.340333 0.320723
0.582291 0.262625
0.400803 0.547318
0.243989 0.330878
0.587002 0.539395
0.319215 0.262772
0.241221 0.199638
0.653295 0.804738
0.673983 0.442608
0.548627 0.377758
0.596219 0.395368
0.681266 0.385730
0.452519 0.280261
0.409819 0.517058
0.561422 0.854006
0.619313 0.364798
0.660067 0.297394
0.395879 0.851407
0.368810 0.464256
0.342486 0.638454
0.601514 0.528034
0.717047 0.696815
0.377163 0.442859
0.652899 0.473476
0.630839 0.534200
0.659547 0.286460
0.673735 0.249985
0.259208 0.455123
0.313018 0.150818
0.548164 0.516704
0.409141 0.351971
0.754129 0.173713
0.414614 0.259897
0.675721 0.509878
0.399134 0.164491
0.520863 0.485523
0.781319 0.186237
0.664717 0.145360
0.775593 0.473460
0.475074 0.175581
0.248139 0.363189
0.289505 0.654045
0.354994 0.302914
0.716061 0.536987
0.232794 0.158032
0.644591 0.408216
0.554192 0.393753
0.710859 0.630499
0.407873 0.380131
0.523327 0.470953
0.417819 0.800501
0.689050 0.186835
0.731152 0.272403
0.675028 0.553479
0.543923 0.138099
0.249807 0.391989
0.465094 0.442192
0.278588 0.402281
0.637213 0.546810
0.623073 0.826384
0.297803 0.496964
0.567072 0.224260
0.455993 0.405336
0.416133 0.225504
0.572201 0.199177
0.619099 0.359125
0.304745 0.634156
0.386077 0.312959
0.452009 0.409581
0.381926 0.156978
0.228559 0.182938
0.327402 0.159281
0.510411 0.130058
0.579084 0.425502
0.416293 0.215072
0.455175 0.448757
0.337069 0.794897
0.621756 0.793962
0.745668 0.222501
0.712370 0.637789
0.619473 0.518186
0.704623 0.161592
0.419610 0.450083
0.683077 0.486752
0.301814 0.561206
0.303687 0.163517
0.553859 0.123907
0.731342 0.416179
0.780754 0.468419
0.541445 0.525723
0.586427 0.485517
0.690482 0.544140
0.772181 0.270097
0.422503 0.495868
0.643161 0.295465
0.731487 0.489885
0.318405 0.727849
0.778911 0.301651
0.575260 0.292475
0.587162 0.206115
0.505784 0.484658
0.455446 0.835382
0.747663 0.141548
0.673921 0.715181
0.321122 0.365380
0.759215 0.457378
0.384294 0.502999
0.531860 0.866032
0.558555 0.287528
0.281064 0.604986
0.401386 0.815840
0.650068 0.279052
0.565330 0.191414
0.379944 0.545662
0.283109 0.610099
0.758535 0.352818
0.399930 0.544933
0.568180 0.396984
0.375076 0.424094
0.487929 0.182928
0.224066 0.387920
0.442688 0.849072
0.225336 0.423592
0.659813 0.182735
0.419088 0.126553
0.664576 0.171137
0.729267 0.233906
0.410667 0.392808
0.399090 0.495639
0.679802 0.358159
0.609647 0.419364
0.473440 0.831915
0.465074 0.258823
0.712182 0.315684
0.633396 0.227480
0.704604 0.249677
0.789427 0.301087
0.713103 0.359302
0.480081 0.467071
0.580758 0.260321
0.655042 0.186083
0.621476 0.500537
0.398449 0.241012
0.373422 0.355701
0.504244 0.530174
0.323546 0.761862
0.771641 0.467750
0.342537 0.748401
0.720895 0.190083
0.537447 0.215131
0.694453 0.315341
0.761014 0.502794
0.590322 0.275516
0.612574 0.433668
0.425031 0.840479
0.295672 0.424921
0.660571 0.253036
0.680863 0.706059
0.567540 0.451773
0.775626 0.482416
0.267400 0.457382
0.703446 0.476207
0.661597 0.143767
0.525691 0.544587
0.309736 0.460194
0.708008 0.323102
0.621036 0.370646
0.440012 0.457871
0.487023 0.851517
0.550452 0.811337
0.328065 0.263127
0.591474 0.263703
0.247524 0.374807
0.412932 0.209057
0.208118 0.518282
0.647457 0.500433
0.539419 0.446758
0.656708 0.367407
0.304872 0.580112
0.276511 0.506056
0.707252 0.246381
0.389243 0.216497
0.428287 0.360806
0.521076 0.445507
0.560586 0.297642
0.284585 0.510884
0.775057 0.468164
0.305411 0.756536
0.297514 0.695436
0.719126 0.564719
0.614223 0.429922
0.306026 0.524575
0.616303 0.301266
0.578967 0.335574
0.390469 0.799530
0.234117 0.516923
0.525670 0.504839
0.686683 0.530173
0.704333 0.627868
0.537391 0.202228
0.695499 0.337896
0.647118 0.202036
0.323843 0.174023
0.791937 0.226225
0.398162 0.195903
0.696757 0.267230
0.447662 0.385265
0.366374 0.373611
0.521541 0.154209
0.380158 0.330984
0.616488 0.344315
0.722809 0.267949
0.539427 0.210100
0.643347 0.494722
0.361069 0.765643
0.315902 0.754516
0.227654 0.292402
0.618284 0.544949
0.566028 0.228379
0.645527 0.241226
0.693451 0.490990
0.785256 0.441786
0.316728 0.470022
0.435550 0.179214
0.634623 0.521795
0.368813 0.825695
0.355525 0.440422
0.318217 0.376058
0.468739 0.228265
0.346646 0.294408
0.662870 0.795107
0.705345 0.511676
0.209928 0.411881
0.364319 0.360517
0.629306 0.468828
0.584323 0.482167
0.474411 0.475673
0.687681 0.267825
0.642509 0.226887
0.740864 0.429687
0.354675 0.539138
0.341408 0.603769
0.570629 0.347572
0.253810 0.499551
0.596769 0.494478
0.624022 0.758795
0.229194 0.290704
0.712830 0.284401
0.747034 0.463828
0.452929 0.460229
0.457498 0.816406
0.669297 0.166940
0.446985 0.157140
0.341007 0.434528
0.669076 0.481358
0.278874 0.262214
0.728924 0.347892
0.415835 0.503389
0.763237 0.162371
0.688132 0.228211
0.263821 0.302747
0.471630 0.865270
0.615695 0.230823
0.410564 0.520590
0.398055 0.317425
0.436626 0.540967
0.327042 0.652530
0.427721 0.819589
0.318453 0.621047
0.766995 0.220353
0.561976 0.847051
0.456302 0.458357
0.344766 0.608560
0.733419 0.518153
0.484026 0.401286
0.733281 0.516085
0.675084 0.283291
0.781830 0.451092
0.318167 0.720955
0.341477 0.600470
0.291063 0.404231
0.570922 0.245924
0.690110 0.380811
0.785871 0.519041
0.690006 0.416459
0.699689 0.306027
0.531084 0.184663
0.231102 0.382835
0.433666 0.156458
0.739785 0.388593
0.679553 0.676838
0.398023 0.332534
0.644586 0.305632
0.468555 0.854595
0.211496 0.395168
0.316156 0.628475
0.335760 0.354633
0.620820 0.170778
0.365158 0.801969
0.683459 0.133548
0.565788 0.143639
0.339198 0.725355
0.622649 0.367987
0.329003 0.584113
0.490484 0.856864
0.740179 0.256364
0.387177 0.400848
0.416195 0.222946
0.725308 0.397132
0.769774 0.437022
0.662553 0.477463
0.527192 0.830816
0.595315 0.514412
0.345204 0.287396
0.609326 0.212958
0.682646 0.694952
0.787502 0.386632
0.602274 0.217652
0.345520 0.521451
0.643588 0.194936
0.232071 0.213713
0.313601 0.133986
0.301002 0.720817
0.768236 0.161231
0.663019 0.283446
0.377982 0.154350
0.500826 0.210149
0.579727 0.402813
0.670466 0.421400
0.632429 0.153220
0.750965 0.318709
0.587353 0.458047
0.527157 0.411454
0.396305 0.789249
0.493828 0.843058
0.458950 0.283200
0.432989 0.136466
0.670143 0.384957
0.588993 0.366427
0.627528 0.476241
0.445259 0.229692
