0.413488 0.419785
0.383468 0.176104
0.256128 0.349788
0.634982 0.886222
0.600907 0.770878
0.576079 0.149892
0.096662 0.261801
0.408135 0.408849
0.160892 0.220106
0.584943 0.880973
0.490001 0.364063
0.493057 0.320778
0.523058 0.509354
0.563323 0.797267
0.570906 0.092623
0.554436 0.503134
0.446926 0.255187
0.721193 0.603818
0.387885 0.109277
0.177268 0.415621
0.474349 0.025328
0.290325 0.282240
0.789578 0.661172
0.400716 0.455009
0.880303 0.748805
0.483822 0.046049
0.612134 0.929743
0.573479 0.665771
0.480555 0.360492
0.484622 0.453889
0.553768 0.114061
0.506731 0.503069
0.599772 0.931526
0.591472 0.687518
0.793375 0.686633
0.766597 0.698506
0.699572 0.599225
0.536717 0.180200
0.147101 0.243106
0.542577 0.046960
0.520560 0.577171
0.478920 0.384434
0.574169 0.622336
0.730593 0.662908
0.570989 0.810480
0.394808 0.413343
0.127120 0.234567
0.694894 0.592058
0.214779 0.235049
0.441196 0.452928
0.504499 0.035097
0.472060 0.403829
0.109192 0.337940
0.686334 0.645352
0.547285 0.455671
0.529187 0.564619
0.422863 0.039352
0.495892 0.641221
0.083628 0.334289
0.243038 0.393853
0.198321 0.394012
0.604055 0.491499
0.160032 0.400681
0.510652 0.473058
0.097501 0.367702
0.505203 0.035625
0.538419 0.181208
0.193427 0.396295
0.515964 0.401918
0.479893 0.219163
0.784135 0.686536
0.545913 0.611611
0.403782 0.179800
0.873815 0.786940
0.836838 0.674098
0.246750 0.233283
0.689219 0.612428
0.541482 0.694117
0.523282 0.396401
0.566644 0.524664
0.586397 0.749127
0.502774 0.327353
0.644940 0.973982
0.191421 0.407725
0.414159 0.217819
0.520706 0.633606
0.487962 0.512257
0.552174 0.595267
0.782411 0.631471
0.556779 0.086325
0.581427 0.657073
0.512429 0.631990
0.110215 0.371665
0.796103 0.670386
0.561730 0.750878
0.739096 0.608385
0.197091 0.226453
0.591752 0.795452
0.592177 0.745683
0.822314 0.699546
0.828232 0.712293
0.310016 0.343730
0.111087 0.273328
0.558947 0.457415
0.457592 0.041120
0.578794 0.115437
0.703986 0.596150
0.406015 0.434975
0.468529 0.510699
0.745586 0.696332
0.350040 0.397969
0.549220 0.612730
0.874957 0.774830
0.475788 0.521341
0.447077 0.022730
0.497092 0.347965
0.640582 0.513556
0.265296 0.292956
0.562628 0.769411
0.714134 0.576783
0.533086 0.044557
0.592437 0.922692
0.539948 0.801709
0.400039 0.103971
0.529585 0.722236
0.530858 0.785453
0.131628 0.255952
0.314011 0.337649
0.586611 0.505600
0.568167 0.086765
0.400060 0.435767
0.647283 0.930609
0.471342 0.336639
0.570111 0.674343
0.631247 0.566202
0.587266 0.915590
0.623698 0.596515
0.400950 0.159243
0.511495 0.675680
0.877039 0.753262
0.612751 0.753243
0.287535 0.335840
0.646887 0.528116
0.461012 0.467925
0.637634 0.610725
0.474031 0.397682
0.572259 0.685641
0.391452 0.077682
0.612777 0.541186
0.565147 0.552049
0.801847 0.660324
0.521942 0.669134
0.384191 0.401857
0.527511 0.527422
0.729828 0.600497
0.539320 0.578670
0.735574 0.584729
0.475558 0.550750
0.446363 0.414658
0.668374 0.617221
0.631411 0.883574
0.124025 0.403475
0.217038 0.257755
0.690614 0.603126
0.350869 0.389923
0.583948 0.555669
0.553494 0.118025
0.470590 0.355327
0.846508 0.716372
0.480390 0.318494
0.544054 0.816696
0.532652 0.512179
0.597869 0.899042
0.742758 0.620931
0.557055 0.461868
0.433048 0.415399
0.602566 0.743936
0.548371 0.160921
0.400742 0.149501
0.581108 0.513307
0.689571 0.634832
0.881576 0.773722
0.570115 0.605176
0.567828 0.733767
0.502973 0.519056
0.556801 0.142296
0.685789 0.650019
0.552543 0.127037
0.545701 0.711265
0.425831 0.410676
0.256320 0.399095
0.532817 0.750753
0.794585 0.675420
0.574644 0.117549
0.508455 0.431942
0.274318 0.297045
0.483810 0.034431
0.131864 0.397349
0.394068 0.191272
0.587839 0.928368
0.530211 0.669974
0.191961 0.401698
0.802924 0.679761
0.548625 0.597521
0.546439 0.072461
0.693406 0.606652
0.482572 0.316565
0.577854 0.823775
0.732696 0.662183
0.486641 0.467544
0.568030 0.601541
0.464277 0.214782
0.372966 0.117635
0.515557 0.376878
0.652708 0.615237
0.502835 0.487397
0.419067 0.436944
0.623243 0.863227
0.686489 0.565147
0.820666 0.749209
0.531824 0.803423
0.500602 0.444060
0.791893 0.690700
0.454922 0.219303
0.491092 0.458600
0.702092 0.667218
0.751048 0.615338
0.418972 0.062452
0.488020 0.560376
0.523021 0.431197
0.594841 0.723874
0.507434 0.586297
0.580834 0.131142
0.643236 0.918225
0.493100 0.317298
0.431663 0.465047
0.410369 0.190116
0.786293 0.661398
0.787679 0.631262
0.407746 0.217272
0.471508 0.291983
0.610453 0.524229
0.455660 0.407103
0.634991 0.879164
0.387035 0.153923
0.576981 0.701643
0.596866 0.781696
0.384005 0.137573
0.565219 0.590002
0.418441 0.070979
0.497481 0.517005
0.549112 0.170961
0.451348 0.049911
0.567620 0.753112
0.855994 0.721284
0.476181 0.201389
0.401983 0.413199
0.601396 0.576789
0.539301 0.614783
0.567548 0.176212
0.529717 0.441927
0.569971 0.782337
0.602077 0.583991
0.568448 0.703223
0.715883 0.582883
0.530850 0.640286
0.606942 0.750278
0.696208 0.581032
0.502067 0.421033
0.824196 0.740174
0.412989 0.209077
0.859080 0.746414
0.485319 0.314129
0.773239 0.656769
0.453705 0.020721
0.544176 0.798876
0.562080 0.878459
0.491346 0.489978
0.454910 0.288383
0.504339 0.545750
0.630376 0.901404
0.809417 0.734432
0.601248 0.546937
0.242682 0.376381
0.504165 0.449117
0.512660 0.551452
0.652602 0.617980
0.146856 0.387749
0.700948 0.558976
0.578948 0.566087
0.844807 0.739532
0.775460 0.706331
0.481695 0.047383
0.370955 0.394747
0.504620 0.533689
0.861580 0.675289
0.441094 0.218827
0.392452 0.177411
0.849750 0.674393
0.453156 0.223617
0.115047 0.345078
0.691607 0.595940
0.851723 0.713030
0.523604 0.222098
0.493619 0.514930
0.517819 0.568376
0.689883 0.560940
0.520613 0.646102
0.634141 0.530363
0.687072 0.624559
0.670412 0.552478
0.571060 0.738826
0.805020 0.694414
0.555934 0.130512
0.793724 0.724570
0.512089 0.592646
0.399705 0.443558
0.890528 0.747871
0.806202 0.734854
0.565620 0.080663
0.482855 0.288038
0.584045 0.631530
0.295865 0.319148
0.320176 0.384252
0.909572 0.777016
0.115433 0.269346
0.548477 0.056942
0.500495 0.626113
0.281168 0.295353
0.650197 0.600160
0.500723 0.669985
0.599868 0.765251
0.529411 0.679710
0.529984 0.719064
0.535962 0.053286
0.814447 0.643575
0.566820 0.485709
0.255700 0.285397
0.856808 0.679279
0.534466 0.553505
0.629526 0.836442
0.588205 0.760051
0.579932 0.852911
0.764385 0.614480
0.617526 0.886077
0.603008 0.818943
0.181644 0.429158
0.612978 0.851173
0.598628 0.866001
0.618881 0.554441
0.779081 0.625804
0.534029 0.670128
0.630034 0.969941
0.535616 0.790376
0.559954 0.107483
0.406366 0.413943
0.528331 0.765835
0.492064 0.214927
0.809707 0.712955
0.211014 0.251314
0.598226 0.876037
0.582165 0.718220
0.633640 0.856310
0.533947 0.752856
0.493518 0.477120
0.558108 0.723316
0.151243 0.424658
0.689863 0.566818
0.414887 0.175570
0.282128 0.285989
0.757313 0.605312
0.468908 0.533700
0.524728 0.689514
0.534608 0.073327
0.388432 0.445281
0.555907 0.487828
0.592012 0.499839
0.391273 0.133369
0.669736 0.611213
0.462247 0.501195
0.582147 0.870569
0.509889 0.045458
0.279694 0.275105
0.551625 0.152307
0.591422 0.570132
0.840659 0.687051
0.552637 0.136938
0.606458 0.566038
0.462708 0.483282
0.485412 0.325987
0.629267 0.589493
0.506049 0.637523
0.577489 0.544584
0.478088 0.315140
0.487412 0.501411
0.644343 0.550899
0.515398 0.506742
0.597004 0.576660
0.534847 0.671886
0.466927 0.219189
0.539971 0.743891
0.190541 0.422266
0.550261 0.853213
0.728294 0.593499
0.326502 0.362266
0.537751 0.081861
0.549470 0.630345
0.615079 0.820912
0.555661 0.169587
0.545628 0.157014
0.482808 0.427672
0.646057 0.598591
0.391013 0.136324
0.574700 0.692620
0.563367 0.853522
0.713940 0.569479
0.646903 0.924674
0.263018 0.339871
0.836379 0.744825
0.217428 0.244916
0.221169 0.400981
0.628834 0.536008
0.516346 0.413888
0.563936 0.906802
0.474024 0.209758
0.540352 0.566635
0.480693 0.334579
0.479192 0.020278
0.110527 0.307357
0.548168 0.448468
0.603802 0.909044
0.545960 0.775109
0.495205 0.450248
0.536593 0.515124
0.516510 0.434647
0.365193 0.404980
0.541943 0.812472
0.572997 0.148234
0.536137 0.562899
0.415774 0.202291
0.535024 0.788511
0.878086 0.756757
0.550973 0.784866
0.423645 0.076083
0.444403 0.442165
0.588770 0.929432
0.507842 0.195926
0.190597 0.224328
0.390942 0.063766
0.413792 0.428475
0.708546 0.591628
0.520088 0.565359
0.152805 0.237867
0.521692 0.562212
0.713221 0.637454
0.583510 0.568431
0.522451 0.608384
0.905958 0.769722
0.879280 0.772878
0.403574 0.102330
0.660550 0.636394
0.486768 0.362068
0.504018 0.361702
0.310053 0.318806
0.562143 0.133855
0.623668 0.542102
0.592582 0.812265
0.830418 0.674903
0.591864 0.860327
0.476765 0.330936
0.255545 0.282720
0.530046 0.483259
0.621509 0.927835
0.153550 0.417823
0.736756 0.650255
0.888983 0.763786
0.460748 0.230156
0.424703 0.213810
0.474822 0.565113
0.618032 0.878409
0.543331 0.592635
0.665724 0.610549
0.894134 0.710815
0.566462 0.720982
0.563332 0.827856
0.487562 0.622232
0.623809 0.931152
0.570469 0.763944
0.513638 0.607439
0.748520 0.689674
0.525472 0.749824
0.589701 0.736716
0.400522 0.403283
0.502312 0.384388
0.731995 0.586145
0.621615 0.915729
0.437500 0.056591
0.479293 0.042868
0.517143 0.454301
0.590934 0.858303
0.369145 0.420817
0.568587 0.514346
0.277012 0.370254
0.088004 0.299900
0.611705 0.806926
0.506282 0.432026
0.746588 0.666440
0.265925 0.350971
0.548612 0.679975
0.381760 0.415486
0.740175 0.681725
0.590865 0.906401
0.569436 0.460561
0.435793 0.201446
0.914617 0.812950
0.600807 0.752546
0.717642 0.624963
0.471657 0.423722
0.894567 0.783182
0.589780 0.802837
0.598710 0.923605
0.191378 0.233121
0.412190 0.172103
0.649529 0.611742
0.104639 0.256911
0.428631 0.420351
0.486777 0.410487
0.491531 0.629708
0.106533 0.314496
0.601415 0.708428
0.571535 0.142173
0.754241 0.673170
0.574622 0.135366
0.397174 0.058826
0.489482 0.569623
0.579833 0.639061
0.515921 0.512784
0.459951 0.437580
0.535950 0.723658
0.250671 0.365789
0.608816 0.735493
0.652774 0.572116
0.626143 0.887664
0.640211 0.939662
0.613053 0.769416
0.593150 0.582779
0.744141 0.674106
0.390909 0.058003
0.346379 0.385265
0.461244 0.395474
0.545773 0.757361
0.137230 0.370333
0.497842 0.532422
0.480675 0.410651
0.868464 0.753150
0.491151 0.299177
0.551179 0.141074
0.649149 0.945059
0.866575 0.749020
0.529405 0.468970
0.543766 0.483644
0.503388 0.043928
0.385956 0.407938
0.516466 0.627710
0.538689 0.727630
0.521590 0.189362
0.607412 0.906631
0.571993 0.495727
0.540084 0.448240
0.217993 0.258373
0.599226 0.519105
0.595603 0.849629
0.112473 0.338108
0.598411 0.513377
0.541410 0.508921
0.647920 0.621028
0.395067 0.116511
0.434635 0.223060
0.567034 0.839305
0.486217 0.508989
0.504329 0.685334
0.488450 0.321653
0.423497 0.044508
0.526314 0.632441
0.478233 0.022606
0.878009 0.688767
0.470539 0.454017
0.540669 0.817116
0.270755 0.371916
0.849710 0.730813
0.125335 0.239992
0.503411 0.660627
0.464998 0.451930
0.454868 0.488925
0.472045 0.317156
0.364638 0.400784
0.486811 0.605865
0.611601 0.761885
0.562150 0.492000
0.522953 0.759966
0.781824 0.705179
0.702875 0.616464
0.444814 0.021603
0.468382 0.314949
0.585009 0.553169
0.521286 0.073741
0.535770 0.616547
0.526601 0.564026
0.656983 0.572896
0.551373 0.770759
0.619139 0.919619
0.539796 0.051095
0.507749 0.350641
0.405140 0.139571
0.681892 0.622405
0.714908 0.587155
0.438447 0.429195
0.271259 0.382678
0.473737 0.299716
0.753931 0.695620
0.540900 0.452219
0.512026 0.708632
0.256666 0.250813
0.829026 0.696687
0.543771 0.677886
0.496050 0.604628
0.482058 0.051302
0.571666 0.575330
0.792829 0.656380
0.285755 0.317279
0.649904 0.938170
0.449931 0.049398
0.458979 0.204726
0.544435 0.563873
0.897088 0.714309
0.231965 0.381284
0.508656 0.573594
0.168667 0.223338
0.506280 0.359812
0.603473 0.529917
0.740145 0.664810
0.105914 0.326706
0.385804 0.091248
0.493870 0.456643
0.509718 0.542770
0.809648 0.724401
0.647485 0.937622
0.600841 0.929373
0.560715 0.535582
0.507781 0.386003
0.518226 0.609891
0.553153 0.632202
0.499714 0.609838
0.359487 0.419069
0.416538 0.037763
0.142121 0.236066
0.548481 0.620349
0.472181 0.284470
0.501762 0.349092
0.464478 0.408713
0.410924 0.063466
0.610290 0.913273
0.773001 0.718537
0.573932 0.107091
0.381741 0.149981
0.480666 0.393626
0.706541 0.602522
0.549732 0.759760
0.829652 0.654655
0.594006 0.512559
0.606365 0.521476
0.431378 0.451812
0.246131 0.395407
0.461702 0.291365
0.532183 0.432861
0.612161 0.947012
0.386185 0.080167
0.542805 0.080910
0.728400 0.606656
0.499468 0.467430
0.244308 0.254663
0.581449 0.808978
0.797765 0.697884
0.377180 0.145237
0.558816 0.603382
0.541906 0.182022
0.837680 0.725320
0.208779 0.392874
0.509833 0.370442
0.535632 0.091187
0.550833 0.773363
0.257969 0.295395
0.145472 0.246031
0.418450 0.422633
0.731161 0.658720
0.128275 0.367989
0.482757 0.594431
0.654484 0.543230
0.410887 0.097995
0.619732 0.818823
0.883182 0.755564
0.511755 0.194956
0.460182 0.515683
0.494468 0.308626
0.485890 0.338550
0.506850 0.208534
0.733430 0.661301
0.395334 0.106554
0.309725 0.318642
0.802673 0.671963
0.557452 0.530378
0.417737 0.187385
0.614065 0.768188
0.811796 0.678734
0.885425 0.711940
0.594031 0.486460
0.606356 0.544080
0.569330 0.815427
0.591105 0.836355
0.557948 0.488601
0.518600 0.535483
0.543859 0.622629
0.173162 0.395282
0.535055 0.070233
0.410039 0.184018
0.539745 0.631436
0.519380 0.455827
0.328754 0.382155
0.268130 0.344919
0.117892 0.388387
0.279547 0.307816
0.909212 0.749763
0.270078 0.327263
0.466518 0.221079
0.536570 0.081389
0.521249 0.760617
0.458637 0.470381
0.411127 0.180328
0.497720 0.648295
0.103969 0.378694
0.548368 0.648452
0.798170 0.731771
0.756050 0.667584
0.567626 0.593585
0.529885 0.715071
0.556145 0.885427
0.880251 0.789432
0.562385 0.754869
0.508471 0.613887
0.428206 0.475206
0.680084 0.569024
0.560159 0.667408
0.691761 0.618820
0.433825 0.473293
0.094853 0.368400
0.514142 0.389989
0.161309 0.249685
0.510231 0.564821
0.440472 0.461922
0.792675 0.702911
0.551022 0.563249
0.463540 0.473502
0.365997 0.408681
0.502599 0.546474
0.708756 0.586101
0.592551 0.849350
0.709786 0.611586
0.897359 0.770238
0.614779 0.771423
0.306772 0.325901
0.508846 0.390008
0.815920 0.736431
0.105515 0.335568
0.543579 0.173267
0.841203 0.682892
0.537820 0.207353
0.614817 0.843363
0.780504 0.650091
0.799747 0.681294
0.598920 0.756771
0.534671 0.689451
0.612619 0.833949
0.405051 0.042150
0.479290 0.344015
0.843968 0.719033
0.482753 0.225312
0.544258 0.500786
0.390915 0.085160
0.686100 0.631718
0.833002 0.675096
0.111445 0.279956
0.564482 0.822435
0.385289 0.422938
0.789119 0.646950
0.193744 0.228586
0.157794 0.216127
0.710239 0.580723
0.827590 0.747302
0.153176 0.409907
0.641382 0.533495
0.250406 0.368264
0.622604 0.920914
0.692533 0.607648
0.094138 0.330218
0.456728 0.421877
0.715311 0.618586
0.602064 0.794061
0.416700 0.439971
0.511667 0.584632
0.581797 0.490614
0.835007 0.678917
0.147650 0.420243
0.616833 0.961545
0.500752 0.533035
0.667608 0.599766
0.535742 0.484315
0.520471 0.730973
0.271151 0.353469
0.177783 0.392053
0.615088 0.910197
0.496351 0.642568
0.103818 0.339911
0.726266 0.610277
0.569240 0.755261
0.886567 0.742444
0.625116 0.561138
0.225512 0.259409
0.098204 0.324401
0.611297 0.856794
0.738019 0.647070
0.134865 0.253230
0.476964 0.224720
0.522534 0.707998
0.419775 0.210572
0.088363 0.328330
0.233942 0.397953
0.819387 0.688579
0.501605 0.673435
0.225835 0.408111
0.635353 0.842415
0.446833 0.212308
0.590654 0.558820
0.112448 0.257486
0.549461 0.106448
0.573647 0.169852
0.540529 0.563847
0.255882 0.399521
0.648789 0.540781
0.628233 0.920799
0.426928 0.207236
0.405070 0.455254
0.446194 0.469535
0.650222 0.582528
0.259306 0.292891
0.465605 0.201662
0.648575 0.628975
0.532461 0.546088
0.581998 0.890110
0.837568 0.753488
0.488518 0.202716
0.552483 0.081682
0.414442 0.060628
0.457599 0.283567
0.461564 0.245518
0.199189 0.417960
0.470024 0.389820
0.863376 0.707411
0.655137 0.553423
0.779464 0.666501
0.521522 0.037761
0.464496 0.251324
0.742002 0.588831
0.490899 0.372483
0.589657 0.683674
0.232478 0.413561
0.230068 0.247567
0.620462 0.956289
0.407664 0.166045
0.567337 0.668087
0.213497 0.429835
0.533804 0.551562
0.521953 0.647639
0.458159 0.217732
0.135824 0.245160
0.157672 0.229073
0.481580 0.402906
0.438033 0.234921
0.866008 0.705916
0.560107 0.827087
0.677602 0.547113
0.902212 0.724199
0.784596 0.622030
0.246275 0.283402
0.605303 0.485710
0.525736 0.720493
0.158353 0.217585
0.268467 0.300976
0.101512 0.332947
0.264288 0.393684
0.544080 0.845668
0.455180 0.262542
0.478400 0.493639
0.529821 0.753437
0.595041 0.871397
0.111089 0.340162
0.525317 0.052775
0.501448 0.520809
0.117822 0.397382
0.633732 0.525171
0.489968 0.463091
0.202830 0.245791
0.696360 0.628428
0.808767 0.679080
0.276514 0.278181
0.513251 0.453508
0.880895 0.706955
0.230246 0.234437
0.107346 0.321904
0.512621 0.415600
0.601723 0.561083
0.616519 0.856754
0.773502 0.615739
0.471913 0.557295
0.176372 0.217963
0.610058 0.508423
0.119809 0.369464
0.557359 0.893894
0.706864 0.579379
0.576785 0.164088
0.283912 0.319338
0.466684 0.432582
0.500506 0.613603
0.080340 0.312312
0.547045 0.560296
0.523495 0.425186
0.588090 0.580240
0.555053 0.780131
0.504977 0.655283
0.602267 0.520612
0.695283 0.583728
0.434974 0.063119
0.718218 0.639269
0.566201 0.742490
0.129315 0.363823
0.508755 0.666512
0.401801 0.146096
0.540738 0.495225
0.521604 0.655335
0.514416 0.364694
0.593929 0.811153
0.549628 0.075459
0.467459 0.343639
0.510054 0.050087
0.608090 0.779917
0.602547 0.541676
0.585829 0.531103
0.788754 0.665871
0.604342 0.858139
0.111880 0.341570
0.578593 0.926976
0.586339 0.675781
0.580167 0.530119
0.842920 0.714128
0.552571 0.185160
0.659429 0.593232
0.766210 0.604161
0.841550 0.765674
0.528341 0.053251
0.498826 0.561329
0.897344 0.774537
0.515451 0.650163
0.871076 0.775139
0.279608 0.294402
0.709255 0.563999
0.508804 0.633107
0.244573 0.260691
0.615941 0.500475
0.451090 0.245443
0.302949 0.338442
0.225425 0.221816
0.616944 0.915795
0.597342 0.820619
0.493329 0.487135
0.467973 0.413042
0.714966 0.589042
0.725127 0.680450
0.237206 0.251213
0.728870 0.668780
0.603018 0.580205
0.216221 0.219043
0.774590 0.646041
0.864689 0.686407
0.389598 0.092106
0.223137 0.253139
0.576895 0.754249
0.616321 0.903629
0.405473 0.089271
0.283614 0.332854
0.498781 0.518955
0.551315 0.548741
