0.137753 0.564634
0.512257 0.477556
0.546584 0.669106
0.474568 0.301983
0.359205 0.533862
0.712945 0.165385
0.482968 0.671350
0.546385 0.508940
0.408226 0.329192
0.190914 0.588920
0.719715 0.127055
0.600646 0.506274
0.272769 0.112578
0.691599 0.563389
0.400428 0.448858
0.541513 0.424741
0.511147 0.403922
0.587687 0.248208
0.319854 0.549299
0.405196 0.242541
0.680003 0.360818
0.576967 0.381818
0.307519 0.474902
0.155335 0.584857
0.578079 0.344732
0.669149 0.504460
0.511629 0.613008
0.557906 0.731158
0.792801 0.516025
0.456152 0.624043
0.480826 0.621625
0.697556 0.176562
0.414232 0.442724
0.548744 0.303530
0.697815 0.293367
0.368951 0.481147
0.394982 0.368397
0.554106 0.735085
0.684638 0.286976
0.242746 0.514688
0.596935 0.277697
0.544879 0.673076
0.728831 0.465353
0.694518 0.529070
0.479194 0.615388
0.530650 0.326579
0.546274 0.325310
0.638510 0.474775
0.627821 0.404384
0.838032 0.548643
0.691105 0.342603
0.458120 0.563696
0.339671 0.390056
0.480897 0.549632
0.451509 0.351034
0.253481 0.459617
0.742787 0.587200
0.178933 0.550880
0.630027 0.446181
0.482194 0.725010
0.476493 0.531934
0.336178 0.377899
0.642041 0.361256
0.539630 0.519475
0.726596 0.525691
0.410583 0.243911
0.529603 0.585805
0.476097 0.271816
0.602126 0.591313
0.466344 0.719079
0.385079 0.246635
0.424402 0.413796
0.552620 0.348427
0.827801 0.596618
0.816574 0.538852
0.634155 0.432165
0.658330 0.358728
0.324006 0.299654
0.472902 0.450320
0.635672 0.215314
0.286936 0.541960
0.538363 0.707929
0.466479 0.779709
0.216892 0.551781
0.638496 0.437716
0.517285 0.300834
0.313768 0.157974
0.630484 0.475832
0.489506 0.708273
0.664386 0.351580
0.305417 0.161569
0.638807 0.592316
0.571907 0.271453
0.476256 0.558388
0.324928 0.313841
0.490951 0.861236
0.399111 0.469031
0.687579 0.467358
0.835331 0.600774
0.547524 0.621776
0.667674 0.423087
0.553627 0.681152
0.531856 0.519011
0.670402 0.488578
0.378126 0.236104
0.326909 0.495378
0.845140 0.582609
0.499356 0.727706
0.511029 0.755487
0.414768 0.579335
0.496286 0.886099
0.555938 0.722094
0.602189 0.217564
0.598730 0.261560
0.331192 0.485186
0.470689 0.729787
0.515164 0.293859
0.257723 0.475842
0.225757 0.574942
0.665738 0.279551
0.388318 0.601582
0.213135 0.602784
0.495346 0.382947
0.202713 0.596595
0.460771 0.746865
0.466858 0.762891
0.497462 0.582324
0.309292 0.546972
0.431909 0.276091
0.342498 0.529282
0.635886 0.378338
0.661498 0.335870
0.183671 0.523114
0.437476 0.695235
0.517885 0.753185
0.679791 0.228020
0.346967 0.565544
0.541170 0.308166
0.335806 0.216555
0.317484 0.471318
0.355115 0.451806
0.417976 0.462379
0.533931 0.709004
0.584356 0.251648
0.452723 0.733675
0.490335 0.589082
0.389240 0.315910
0.182442 0.518816
0.820242 0.543576
0.414521 0.654567
0.374920 0.494099
0.198876 0.579524
0.561536 0.641161
0.212607 0.533336
0.796080 0.591313
0.646660 0.416973
0.561183 0.564076
0.656863 0.387809
0.380221 0.283819
0.619563 0.297390
0.492763 0.588819
0.269615 0.563386
0.624329 0.536151
0.604464 0.247887
0.323851 0.585621
0.706296 0.152436
0.729006 0.439868
0.543172 0.362476
0.261400 0.115686
0.554841 0.574961
0.627716 0.375353
0.381059 0.461058
0.680375 0.467853
0.560474 0.666058
0.450628 0.302666
0.578837 0.619379
0.608605 0.594481
0.631287 0.582024
0.781992 0.586586
0.560450 0.355954
0.579161 0.552575
0.530654 0.405500
0.418193 0.664932
0.650796 0.364593
0.684628 0.203108
0.284106 0.536868
0.631892 0.353657
0.432387 0.266566
0.368044 0.594212
0.700294 0.573026
0.553851 0.427405
0.442133 0.579969
0.437271 0.521364
0.558383 0.356573
0.468489 0.776448
0.513783 0.668691
0.646907 0.401433
0.557618 0.599341
0.707469 0.442250
0.497145 0.423631
0.361382 0.464761
0.505821 0.626789
0.623696 0.286421
0.598152 0.559397
0.404048 0.525871
0.733513 0.116158
0.708005 0.463715
0.363565 0.427364
0.607227 0.316265
0.729890 0.197505
0.493851 0.345871
0.575078 0.533323
0.417979 0.415775
0.590462 0.525477
0.655763 0.246838
0.438477 0.640530
0.261807 0.598057
0.463591 0.769338
0.514784 0.872148
0.718187 0.478221
0.428405 0.270876
0.601360 0.282558
0.264315 0.177832
0.437754 0.503865
0.363732 0.502486
0.473729 0.427979
0.560289 0.574535
0.544438 0.332390
0.676196 0.381124
0.551573 0.252211
0.464009 0.715678
0.363170 0.374062
0.328729 0.273633
0.390016 0.559876
0.372499 0.346237
0.650592 0.502298
0.675628 0.553303
0.724034 0.214919
0.667612 0.552866
0.802137 0.554642
0.499188 0.513648
0.533016 0.626656
0.455970 0.282271
0.391114 0.408386
0.617752 0.351403
0.443527 0.378482
0.330600 0.252580
0.277780 0.540082
0.370541 0.269415
0.299741 0.481730
0.712102 0.197579
0.319478 0.375000
0.571190 0.684093
0.649929 0.251849
0.692442 0.315014
0.340875 0.281082
0.305516 0.451861
0.704123 0.203405
0.448959 0.249970
0.519057 0.826924
0.323357 0.451247
0.610906 0.526335
0.360991 0.230744
0.641322 0.523825
0.551483 0.461223
0.558758 0.502638
0.290556 0.523180
0.375884 0.442789
0.475758 0.442598
0.563850 0.592871
0.278109 0.561751
0.673786 0.553045
0.511153 0.523667
0.407222 0.291939
0.347075 0.454890
0.450854 0.334220
0.428122 0.352319
0.341078 0.240803
0.603678 0.493506
0.478239 0.734226
0.643082 0.536644
0.721809 0.555356
0.399418 0.366588
0.358446 0.222506
0.759030 0.585848
0.272423 0.137685
0.463074 0.536190
0.356575 0.356663
0.652228 0.446838
0.451848 0.603375
0.467730 0.699592
0.318407 0.433251
0.541182 0.378421
0.505962 0.410925
0.564766 0.577009
0.779965 0.563630
0.185558 0.519940
0.180342 0.533597
0.369185 0.465094
0.599972 0.573706
0.301703 0.507371
0.629145 0.210196
0.525929 0.715760
0.790484 0.535731
0.477781 0.345739
0.629499 0.375448
0.318684 0.207805
0.498108 0.391832
0.652622 0.538574
0.333109 0.579526
0.483223 0.792040
0.483156 0.583717
0.719265 0.454701
0.361088 0.244065
0.342708 0.252841
0.415491 0.439866
0.496632 0.773208
0.378401 0.348810
0.300946 0.591770
0.303178 0.197995
0.476284 0.381910
0.319838 0.431158
0.463136 0.327951
0.619683 0.211186
0.334610 0.245464
0.597080 0.519698
0.488819 0.329499
0.618359 0.480745
0.707408 0.279402
0.517935 0.860199
0.504000 0.849365
0.402936 0.485544
0.595092 0.551833
0.577856 0.289934
0.596985 0.390865
0.603945 0.415153
0.304082 0.180151
0.533073 0.455522
0.649198 0.361013
0.347746 0.422111
0.456470 0.748524
0.386699 0.345591
0.419389 0.517847
0.708980 0.216848
0.732581 0.475642
0.462466 0.641601
0.548973 0.756699
0.733789 0.514146
0.554273 0.374130
0.565176 0.346803
0.535447 0.516647
0.642284 0.288374
0.498461 0.482883
0.488766 0.877380
0.471123 0.655606
0.466840 0.364133
0.524834 0.518370
0.508273 0.839462
0.391032 0.480770
0.574623 0.225162
0.590305 0.508917
0.753459 0.139708
0.275111 0.534338
0.555738 0.715922
0.580633 0.248324
0.459078 0.474736
0.435521 0.668317
0.617263 0.442881
0.499605 0.427363
0.580671 0.386243
0.641989 0.562909
0.487746 0.825555
0.347927 0.194347
0.459431 0.761005
0.268302 0.179079
0.359584 0.391440
0.535209 0.469203
0.343331 0.201252
0.364241 0.459606
0.341344 0.433421
0.230566 0.583383
0.624205 0.500458
0.321237 0.201770
0.528517 0.564847
0.710270 0.546621
0.308462 0.164764
0.662712 0.242129
0.676336 0.251061
0.824394 0.555166
0.855444 0.577598
0.467992 0.356056
0.438336 0.722294
0.369325 0.425492
0.385306 0.337301
0.305968 0.298292
0.524738 0.367206
0.647678 0.410344
0.444812 0.748083
0.539552 0.661108
0.456119 0.390110
0.667997 0.194116
0.581804 0.674176
0.538504 0.596203
0.215131 0.571114
0.386461 0.208606
0.507309 0.714968
0.558813 0.587727
0.216106 0.558059
0.677812 0.332960
0.516804 0.635766
0.436461 0.398221
0.343189 0.478620
0.314238 0.519870
0.325142 0.503930
0.271246 0.131651
0.640882 0.418598
0.634090 0.400790
0.473339 0.636137
0.399015 0.230498
0.629701 0.208210
0.572039 0.443772
0.525025 0.563696
0.175713 0.568432
0.437664 0.434081
0.408352 0.327064
0.405398 0.590819
0.442591 0.679611
0.315925 0.417396
0.598348 0.581566
0.622161 0.472673
0.459140 0.387329
0.683967 0.330108
0.550001 0.508879
0.597150 0.405038
0.416357 0.518457
0.639036 0.275344
0.124232 0.598958
0.408676 0.465833
0.822149 0.595383
0.558754 0.557720
0.698809 0.560160
0.704026 0.152909
0.439311 0.579374
0.368236 0.210193
0.466753 0.539275
0.469671 0.823563
0.110325 0.602219
0.607293 0.287570
0.645383 0.226796
0.285958 0.440695
0.486315 0.389066
0.490331 0.266221
0.616333 0.588841
0.405088 0.386583
0.474817 0.624416
0.432109 0.628614
0.484303 0.376255
0.411503 0.481649
0.364146 0.373946
0.317194 0.194517
0.655346 0.591602
0.524746 0.840851
0.701166 0.423228
0.212841 0.561638
0.902016 0.601087
0.304411 0.479280
0.355864 0.581440
0.347004 0.199108
0.561260 0.252193
0.723497 0.122649
0.670783 0.210168
0.407553 0.500950
0.617497 0.574982
0.766616 0.476384
0.151002 0.576012
0.673319 0.561447
0.552421 0.400646
0.469522 0.757680
0.299699 0.427716
0.294025 0.488453
0.318527 0.440931
0.582005 0.417081
0.454657 0.307307
0.529935 0.489769
0.593557 0.465678
0.475807 0.638846
0.501940 0.497992
0.448188 0.329641
0.576300 0.605773
0.427799 0.340351
0.456415 0.755954
0.416404 0.503190
0.501422 0.722996
0.628415 0.329915
0.334454 0.363440
0.134283 0.593166
0.197754 0.553666
0.489363 0.774656
0.348656 0.486368
0.209028 0.536807
0.531695 0.741063
0.485868 0.593166
0.655158 0.440184
0.674298 0.484592
0.679509 0.450620
0.596225 0.331892
0.566906 0.408489
0.506013 0.498668
0.222231 0.505163
0.339519 0.383518
0.245531 0.596583
0.575459 0.506180
0.353965 0.316074
0.709107 0.557085
0.664978 0.346774
0.406939 0.516775
0.622368 0.489811
0.743619 0.159375
0.623840 0.411118
0.750187 0.494318
0.810716 0.523417
0.316673 0.279714
0.395269 0.393138
0.434606 0.427979
0.472807 0.722623
0.306509 0.290255
0.312683 0.570744
0.639935 0.411398
0.526076 0.776676
0.249425 0.136139
0.269329 0.118946
0.566043 0.390900
0.388327 0.242672
0.393079 0.441537
0.403919 0.285150
0.806034 0.529590
0.774574 0.559632
0.245128 0.493648
0.330771 0.537708
0.453442 0.336440
0.537406 0.457910
0.409242 0.252764
0.418212 0.352449
0.741028 0.595637
0.670699 0.257810
0.426425 0.624339
0.666669 0.243790
0.537249 0.417849
0.432768 0.696756
0.753821 0.464965
0.186560 0.586318
0.323005 0.289172
0.639096 0.570918
0.426551 0.545282
0.703546 0.455826
0.440071 0.449732
0.361865 0.552288
0.379190 0.252244
0.620838 0.412088
0.642724 0.567775
0.408840 0.351504
0.554441 0.689656
0.148970 0.561511
0.244337 0.563593
0.606222 0.526811
0.440470 0.294868
0.333584 0.170968
0.563975 0.310737
0.367982 0.513962
0.214523 0.498819
0.702014 0.441452
0.307026 0.523050
0.498994 0.335586
0.281682 0.448614
0.551172 0.307390
0.607567 0.541466
0.339278 0.174321
0.629108 0.330884
0.644893 0.570753
0.261491 0.185088
0.691865 0.167118
0.507627 0.797564
0.820612 0.603953
0.609055 0.386181
0.358086 0.257793
0.419894 0.394912
0.499564 0.889938
0.511356 0.429116
0.511747 0.397144
0.242095 0.601985
0.361528 0.261249
0.707999 0.199061
0.247524 0.470763
0.368756 0.262473
0.319949 0.301412
0.715118 0.461912
0.836430 0.558488
0.365761 0.422560
0.553763 0.629538
0.415688 0.655782
0.712128 0.270312
0.524972 0.409296
0.392170 0.276315
0.324357 0.502803
0.573640 0.224876
0.542779 0.401573
0.471354 0.454061
0.338347 0.324158
0.391952 0.551557
0.280096 0.528373
0.274303 0.572798
0.598601 0.314550
0.395762 0.273482
0.635514 0.340329
0.304405 0.278205
0.503178 0.391746
0.224365 0.580754
0.528891 0.305238
0.599849 0.260045
0.694276 0.572858
0.776082 0.526096
0.445077 0.526977
0.299406 0.568091
0.575357 0.381899
0.482718 0.614354
0.456076 0.342478
0.716045 0.192366
0.590328 0.368493
0.555684 0.295558
0.668967 0.187435
0.392262 0.545626
0.747531 0.496679
0.241623 0.521319
0.740303 0.521551
0.158248 0.583620
0.288672 0.213516
0.712500 0.451229
0.360937 0.211682
0.275996 0.483731
0.535028 0.753496
0.817619 0.586033
0.317968 0.586885
0.315367 0.178199
0.518469 0.666165
0.297400 0.311334
0.222042 0.509398
0.286286 0.253232
0.625142 0.411946
0.297353 0.476240
0.678940 0.585747
0.647499 0.209534
0.776344 0.483961
0.552827 0.729378
0.225635 0.600343
0.466849 0.700510
0.487752 0.401327
0.612753 0.392206
0.670223 0.382257
0.741971 0.528727
0.251862 0.585462
0.527587 0.831326
0.568894 0.282651
0.618065 0.508207
0.498980 0.535396
0.524459 0.463516
0.512937 0.525630
0.479295 0.373510
0.586253 0.573188
0.608827 0.354019
0.307806 0.562838
0.649265 0.176477
0.260051 0.105950
0.708546 0.600845
0.543477 0.523007
0.220666 0.524161
0.470944 0.439987
0.662600 0.545803
0.358454 0.175203
0.609105 0.299333
0.740314 0.553169
0.246259 0.107700
0.718477 0.127411
0.350587 0.431898
0.179767 0.558886
0.506721 0.693707
0.228196 0.536099
0.383559 0.262305
0.655259 0.165363
0.462809 0.633729
0.612695 0.548304
0.541694 0.600870
0.422164 0.290745
0.343979 0.415502
0.380040 0.344275
0.352903 0.299087
0.638659 0.301984
0.425085 0.307351
0.287076 0.429031
0.481709 0.502256
0.464531 0.622710
0.616929 0.587115
0.620799 0.220065
0.637560 0.253577
0.332321 0.599245
0.500853 0.771056
0.623100 0.580900
0.319708 0.595695
0.655928 0.401852
0.386670 0.426327
0.406914 0.613433
0.573601 0.430933
0.459861 0.391981
0.628964 0.408350
0.271386 0.174626
0.658681 0.425663
0.293663 0.447706
0.577853 0.623906
0.687119 0.252949
0.659306 0.523169
0.340622 0.563664
0.365321 0.455221
0.466311 0.308666
0.720803 0.588797
0.601570 0.299661
0.491644 0.423839
0.384104 0.226447
0.505880 0.377161
0.463563 0.262815
0.273288 0.485573
0.637992 0.185735
0.688296 0.518658
0.443358 0.320670
0.532761 0.509073
0.718329 0.511580
0.599115 0.513950
0.335822 0.598769
0.463604 0.798314
0.362035 0.271630
0.698482 0.261035
0.539968 0.420760
0.296668 0.569457
0.823152 0.569197
0.227960 0.592564
0.455616 0.690663
0.262839 0.478861
0.517723 0.563315
0.608314 0.533175
0.222525 0.589173
0.662471 0.387028
0.306696 0.171992
0.726616 0.205141
0.679914 0.351966
0.779531 0.525780
0.553815 0.377363
0.401882 0.338483
0.522770 0.509241
0.641069 0.281293
0.422633 0.437000
0.671934 0.521281
0.574458 0.234245
0.595907 0.395701
0.367454 0.295740
0.697831 0.246722
0.423515 0.595869
0.545770 0.257745
0.416750 0.364733
0.463567 0.668005
0.421693 0.493763
0.640974 0.598575
0.226544 0.580236
0.524854 0.535838
0.660616 0.485643
0.467542 0.340060
0.301335 0.558074
0.540443 0.597213
0.460257 0.445170
0.366714 0.302413
0.499002 0.471065
0.336109 0.500314
0.424141 0.375754
0.545591 0.322364
0.308142 0.193995
0.778528 0.498525
0.384488 0.252982
0.779464 0.490338
0.626495 0.452722
0.607229 0.425844
0.491801 0.572187
0.494580 0.718535
0.533399 0.407194
0.205655 0.549874
0.425154 0.346214
0.432705 0.646484
0.704585 0.565053
0.498600 0.777436
0.477262 0.837204
0.809634 0.584436
0.451018 0.490919
0.360970 0.526310
0.570755 0.582075
0.708874 0.266147
0.665603 0.475828
0.720945 0.475364
0.354117 0.295731
0.430888 0.333044
0.588863 0.617109
0.563511 0.326861
0.583075 0.625723
0.408383 0.498996
0.563767 0.332462
0.301504 0.594855
0.548346 0.383560
0.293104 0.493447
0.390208 0.258536
0.448691 0.429951
0.407166 0.334974
0.558962 0.265642
0.723853 0.144431
0.455711 0.593716
0.685228 0.329299
0.526469 0.689661
0.484137 0.603657
0.841302 0.550887
0.520137 0.494697
0.352175 0.402288
0.473955 0.367766
0.711764 0.518490
0.124480 0.594465
0.501297 0.701924
0.474336 0.570789
0.568031 0.306804
0.150554 0.552353
0.535563 0.550377
0.646848 0.240409
0.662644 0.382273
0.483101 0.610963
0.237265 0.099055
0.537663 0.540583
0.391192 0.325752
0.417241 0.570529
0.682195 0.196496
0.723911 0.541047
0.229359 0.520348
0.305457 0.265255
0.420588 0.638524
0.584358 0.612853
0.307196 0.300948
0.719075 0.465753
0.250370 0.102197
0.582652 0.367749
0.658363 0.239251
0.497102 0.577884
0.147701 0.598997
0.470408 0.611468
0.357109 0.260554
0.371106 0.284902
0.249666 0.463916
0.767642 0.557504
0.561955 0.301766
0.668600 0.483185
0.452272 0.733247
0.710982 0.533798
0.453922 0.318950
0.671931 0.295431
0.554788 0.375554
0.461737 0.752725
0.420695 0.350605
0.537883 0.333755
0.643796 0.522586
0.387799 0.202749
0.539509 0.490183
0.733662 0.460005
0.491500 0.605724
0.649868 0.502931
0.707447 0.542297
0.537209 0.674540
0.688611 0.147474
0.709552 0.170325
0.569080 0.477862
0.471143 0.525681
0.213386 0.590256
0.828147 0.551356
0.413161 0.507087
0.534801 0.264836
0.427804 0.621960
0.504047 0.629078
0.428418 0.678707
0.360408 0.194522
0.488380 0.818046
0.793099 0.593338
0.373127 0.502244
0.274616 0.173922
0.498694 0.590493
0.659467 0.562629
0.318762 0.160848
0.521549 0.432340
0.540711 0.359517
0.476468 0.505259
0.428063 0.663587
0.426660 0.222258
0.181656 0.590425
0.571699 0.510071
0.416591 0.655279
0.501648 0.781771
0.691371 0.567003
0.371772 0.325642
0.449251 0.323850
0.674608 0.305986
0.572460 0.378679
0.535747 0.707584
0.308706 0.593325
0.553521 0.292419
0.655091 0.537456
0.623922 0.534134
0.476343 0.715638
0.436278 0.643638
0.433192 0.229410
0.473570 0.785090
0.495571 0.422767
0.545069 0.472602
0.662207 0.389945
0.417544 0.488645
0.476368 0.319278
0.571803 0.336907
0.264060 0.488305
0.524369 0.573244
0.590387 0.572501
0.407672 0.495531
0.237663 0.506871
0.107619 0.600760
0.456659 0.738375
0.461149 0.501351
0.626876 0.389652
0.466755 0.752142
0.555998 0.314038
0.482466 0.333822
0.555576 0.567719
0.833775 0.590336
0.518992 0.604380
0.582589 0.529309
0.647392 0.178629
0.636676 0.426069
0.298638 0.204358
0.379367 0.603042
0.661706 0.512976
0.629388 0.256818
0.502151 0.542479
0.316835 0.572059
0.387185 0.326461
0.374771 0.281588
0.302540 0.529347
0.592720 0.525350
0.616114 0.350630
0.305370 0.517051
0.326553 0.163493
0.818119 0.561039
0.274077 0.516912
0.463851 0.288316
0.407593 0.406891
0.493831 0.542475
0.355917 0.271251
0.514662 0.823916
0.608005 0.550283
0.636898 0.185841
0.634780 0.509695
0.683829 0.254293
0.586662 0.471552
0.683497 0.552455
0.551440 0.712326
0.682922 0.466882
0.398630 0.591545
0.312899 0.541905
0.335571 0.462921
0.267763 0.160832
0.569817 0.220986
0.261214 0.454287
0.791557 0.551260
0.443987 0.745151
0.351059 0.456245
0.567603 0.311922
0.527364 0.704220
0.372322 0.364661
0.191845 0.586551
0.422067 0.466789
0.594858 0.244603
0.493910 0.497779
0.541265 0.515350
0.629887 0.236879
0.636196 0.457298
0.764689 0.579073
0.445097 0.535565
0.417076 0.248162
0.449234 0.467253
0.695240 0.204081
0.629220 0.366495
0.350533 0.253423
0.350283 0.491714
0.529864 0.368158
0.643301 0.349243
0.803377 0.583040
