0.829804 0.800431
0.361523 0.110530
0.326844 0.169189
0.654105 0.672044
0.326965 0.184415
0.684177 0.630116
0.091682 0.106302
0.382940 0.397468
0.089181 0.119686
0.218259 0.165697
0.387642 0.142067
0.862927 0.941230
0.738769 0.849261
0.331753 0.148507
0.358927 0.201402
0.814482 0.717705
0.600241 0.667066
0.908737 0.880337
0.387153 0.163019
0.372786 0.316954
0.673715 0.601657
0.163551 0.122165
0.405153 0.454595
0.375832 0.356565
0.399840 0.328179
0.843755 0.832146
0.532653 0.513017
0.491488 0.557395
0.843282 0.857216
0.344487 0.360767
0.231374 0.361297
0.447652 0.426583
0.596367 0.627852
0.733032 0.740210
0.710353 0.636810
0.045553 0.116312
0.423667 0.494740
0.711887 0.783802
0.471708 0.506139
0.106756 0.374611
0.068283 0.035014
0.898661 0.781043
0.135575 0.387472
0.747265 0.855549
0.737178 0.668463
0.905841 0.853630
0.567008 0.581131
0.423272 0.132119
0.734374 0.643344
0.471411 0.462554
0.093310 0.124799
0.946390 0.927740
0.847206 0.918317
0.649065 0.752328
0.687136 0.712450
0.696994 0.806429
0.276725 0.304765
0.879632 0.867214
0.532498 0.590656
0.033200 0.020016
0.066948 0.109471
0.568210 0.515995
0.180034 0.345479
0.149051 0.155543
0.674740 0.690439
0.266399 0.340945
0.792839 0.901780
0.424956 0.385225
0.483749 0.549417
0.404311 0.339744
0.313924 0.167704
0.088486 0.046812
0.159970 0.210562
0.779375 0.873411
0.565992 0.555149
0.967818 0.950334
0.617258 0.608932
0.691263 0.767514
0.753691 0.680855
0.315578 0.258429
0.215724 0.188338
0.639580 0.619792
0.103066 0.376986
0.851727 0.859399
0.272825 0.286657
0.603226 0.519903
0.074909 0.047770
0.484800 0.490802
0.687747 0.630585
0.907095 0.934000
0.161071 0.344299
0.660232 0.689763
0.350601 0.356747
0.315608 0.230971
0.774518 0.744901
0.066393 0.062571
0.403138 0.414527
0.414368 0.440558
0.773501 0.784574
0.170822 0.222987
0.634777 0.589585
0.153023 0.155219
0.740758 0.639716
0.931442 0.923886
0.122179 0.383327
0.743700 0.743573
0.055939 0.022334
0.742170 0.664233
0.446878 0.381827
0.239908 0.305267
0.377133 0.388520
0.691164 0.668850
0.122614 0.074053
0.167088 0.336281
0.082888 0.031962
0.510179 0.604690
0.416678 0.149077
0.130815 0.366369
0.150107 0.362125
0.088823 0.047202
0.945929 0.961066
0.816821 0.874103
0.269354 0.268382
0.396362 0.175529
0.756274 0.734444
0.486710 0.551135
0.235963 0.223272
0.790360 0.803287
0.146953 0.388266
0.194188 0.248828
0.600252 0.627643
0.445736 0.512922
0.942779 0.897601
0.766887 0.677591
0.674066 0.695069
0.877800 0.926551
0.862577 0.830552
0.222810 0.252272
0.185854 0.372274
0.564473 0.557966
0.845835 0.761233
0.509683 0.542395
0.771220 0.810931
0.385594 0.086770
0.773105 0.757549
0.882214 0.920664
0.147512 0.358486
0.754295 0.780845
0.750411 0.722339
0.702097 0.638470
0.841255 0.740313
0.744181 0.673632
0.113671 0.147306
0.098955 0.149253
0.050974 0.116097
0.460958 0.451708
0.353986 0.347536
0.612600 0.675049
0.340913 0.234968
0.363843 0.340361
0.322556 0.280419
0.736069 0.689442
0.335341 0.203404
0.796861 0.728186
0.806499 0.894655
0.795371 0.869993
0.263711 0.242822
0.654328 0.573994
0.534392 0.480079
0.684125 0.761164
0.577511 0.644265
0.048394 0.047734
0.312481 0.243267
0.035243 0.105071
0.957048 0.907210
0.053201 0.087173
0.424555 0.121540
0.118197 0.076134
0.147108 0.123524
0.119442 0.399305
0.952046 0.885567
0.830382 0.879155
0.544810 0.497269
0.762439 0.780639
0.318186 0.276658
0.629074 0.648214
0.277628 0.250893
0.590937 0.655587
0.279848 0.295239
0.227552 0.323545
0.765536 0.827695
0.957799 0.969423
0.084302 0.074181
0.145275 0.096742
0.735147 0.672629
0.722104 0.737821
0.383862 0.338177
0.086420 0.022374
0.106886 0.095154
0.395857 0.456388
0.844779 0.741812
0.542049 0.550473
0.896949 0.934664
0.926116 0.944078
0.493746 0.545765
0.803609 0.870469
0.431090 0.481284
0.799235 0.716284
0.683022 0.793627
0.164168 0.369553
0.466591 0.397875
0.397857 0.103145
0.420055 0.426684
0.724403 0.642297
0.296989 0.176832
0.730981 0.676290
0.470711 0.511026
0.401479 0.459492
0.744348 0.683926
0.184386 0.195663
0.182759 0.309885
0.167270 0.339671
0.792737 0.811474
0.596652 0.531932
0.416169 0.414508
0.055936 0.037235
0.916059 0.811220
0.727968 0.669910
0.462178 0.391584
0.477853 0.485810
0.380549 0.197326
0.604398 0.590009
0.109758 0.399630
0.251402 0.346030
0.467464 0.516954
0.862602 0.846153
0.448501 0.438577
0.866551 0.761610
0.113912 0.107610
0.787386 0.748868
0.154287 0.111843
0.098563 0.058562
0.217965 0.207560
0.391496 0.428123
0.969076 0.961896
0.363194 0.430384
0.302430 0.197953
0.774253 0.710329
0.480591 0.559678
0.305044 0.276687
0.434370 0.484572
0.742980 0.723330
0.357976 0.418917
0.468261 0.464925
0.673507 0.656150
0.347782 0.374086
0.187928 0.197431
0.135667 0.340212
0.638568 0.599064
0.474451 0.495996
0.358874 0.133313
0.104956 0.099226
0.495313 0.469109
0.775829 0.887046
0.831051 0.817721
0.763789 0.751533
0.203403 0.163610
0.448558 0.489072
0.765832 0.667611
0.091992 0.121720
0.696498 0.597635
0.359976 0.161539
0.183753 0.362308
0.838687 0.840121
0.952267 0.906111
0.639881 0.730979
0.791311 0.691297
0.473633 0.427760
0.423515 0.360798
0.102220 0.095273
0.762868 0.801951
0.429033 0.445918
0.665103 0.668294
0.571016 0.669533
0.802288 0.896378
0.805136 0.876712
0.121407 0.145355
0.179151 0.223755
0.712757 0.703430
0.716817 0.810166
0.704623 0.623570
0.727257 0.733115
0.395189 0.328077
0.171748 0.324796
0.342571 0.152233
0.282958 0.224169
0.151391 0.390599
0.373841 0.123389
0.359135 0.167136
0.518940 0.476690
0.073878 0.105329
0.492650 0.424273
0.735797 0.774054
0.185127 0.347155
0.597739 0.640568
0.194762 0.300963
0.396710 0.110608
0.197786 0.236984
0.236210 0.210454
0.591220 0.639655
0.790604 0.892349
0.656656 0.682435
0.683444 0.661729
0.764841 0.842799
0.251782 0.209610
0.586041 0.578580
0.416099 0.150592
0.066258 0.074173
0.494958 0.425102
0.411347 0.351481
0.971680 0.934434
0.066129 0.117089
0.982418 0.969413
0.284012 0.322277
0.809247 0.749692
0.174695 0.189932
0.826176 0.727373
0.307253 0.232045
0.814285 0.886285
0.219957 0.275577
0.414239 0.121155
0.933038 0.950044
0.837450 0.895670
0.307854 0.313269
0.283776 0.225194
0.516616 0.504431
0.834677 0.855778
0.514475 0.541154
0.092525 0.082617
0.797773 0.848916
0.176085 0.312770
0.382262 0.379480
0.805552 0.815110
0.494094 0.516858
0.048275 0.029335
0.603791 0.553804
0.668068 0.646628
0.637129 0.682314
0.838464 0.801542
0.529093 0.607288
0.608753 0.679736
0.613018 0.686760
0.255682 0.255388
0.091928 0.073751
0.428950 0.388222
0.501611 0.431856
0.593108 0.662091
0.350220 0.128939
0.458000 0.417745
0.323766 0.290053
0.911879 0.796676
0.212980 0.337101
0.351122 0.393626
0.159829 0.127722
0.366255 0.122498
0.286617 0.272491
0.100138 0.124446
0.892905 0.775221
0.144135 0.168559
0.670033 0.583904
0.037785 0.081661
0.940357 0.967726
0.526112 0.612365
0.905824 0.818012
0.563137 0.609440
0.271431 0.240521
0.411077 0.342074
0.766269 0.872120
0.902418 0.914834
0.592355 0.644138
0.666400 0.574898
0.426293 0.504932
0.648194 0.716047
0.823290 0.825737
0.269354 0.266988
0.622164 0.595693
0.649772 0.739676
0.350069 0.355577
0.760742 0.742754
0.221413 0.254841
0.152429 0.377940
0.739769 0.634258
0.477033 0.529396
0.671725 0.622495
0.668367 0.753192
0.370009 0.175509
0.655809 0.619561
0.521403 0.543294
0.694252 0.665969
0.363002 0.351792
0.515950 0.519162
0.969081 0.924311
0.015426 0.093155
0.839130 0.752052
0.666911 0.585469
0.750092 0.722884
0.450809 0.403819
0.745253 0.743754
0.399509 0.370133
0.739744 0.815338
0.538534 0.482508
0.102695 0.083602
0.430900 0.451716
0.404410 0.132367
0.486296 0.494562
0.585167 0.501185
0.176393 0.125566
0.775335 0.837244
0.942902 0.974073
0.348105 0.346220
0.701927 0.711562
0.957904 0.971682
0.601112 0.555313
0.100896 0.110300
0.389911 0.102540
0.809535 0.713881
0.280612 0.306559
0.235701 0.327795
0.933838 0.892299
0.885616 0.900500
0.177721 0.199189
0.033725 0.046842
0.211094 0.198443
0.680316 0.638925
0.763222 0.705194
0.138386 0.418930
0.832152 0.886500
0.721997 0.804473
0.779372 0.888413
0.931142 0.882995
0.614208 0.643988
0.541273 0.630899
0.456003 0.395053
0.491034 0.491451
0.436285 0.370368
0.421733 0.426729
0.899489 0.848708
0.875270 0.817376
0.926024 0.959072
0.783933 0.899166
0.185690 0.149510
0.827364 0.810325
0.109791 0.114512
0.463908 0.527035
0.174068 0.184905
0.868838 0.921398
0.812935 0.832466
0.667469 0.685273
0.632528 0.625207
0.095426 0.390955
0.080495 0.110229
0.816826 0.862522
0.769113 0.712996
0.052051 0.044533
0.967673 0.933262
0.557164 0.601555
0.799325 0.736167
0.365816 0.124708
0.329656 0.221243
0.227960 0.290355
0.250412 0.273818
0.127238 0.137737
0.906769 0.803807
0.375639 0.416180
0.500766 0.470303
0.057768 0.091358
0.499797 0.467980
0.810102 0.788322
0.589940 0.553989
0.837063 0.898029
0.192766 0.355618
0.255982 0.233817
0.091023 0.140160
0.561808 0.639468
0.093308 0.092900
0.557552 0.598055
0.188101 0.135356
0.262462 0.280338
0.745026 0.710114
0.846738 0.767748
0.507195 0.465072
0.202843 0.191059
0.326285 0.391687
0.544275 0.485933
0.116152 0.061294
0.579777 0.660892
0.481196 0.456954
0.183831 0.139374
0.100293 0.079733
0.637414 0.546657
0.581199 0.611437
0.751831 0.689627
0.202509 0.281323
0.064468 0.016373
0.927354 0.899908
0.549210 0.536956
0.947398 0.871729
0.655014 0.754176
0.160954 0.120062
0.817597 0.818463
0.787376 0.879493
0.456843 0.539468
0.379682 0.364390
0.816293 0.753884
0.312095 0.259742
0.447629 0.391849
0.815558 0.792540
0.294402 0.316005
0.453495 0.523140
0.589269 0.613796
0.900131 0.871744
0.972068 0.976763
0.550036 0.489483
0.816384 0.911718
0.860628 0.774954
0.410609 0.446396
0.125090 0.148712
0.237621 0.194015
0.615964 0.647996
0.294572 0.298035
0.580440 0.579632
0.674812 0.582838
0.657712 0.724590
0.658492 0.760291
0.653880 0.597506
0.438609 0.473261
0.230698 0.290273
0.480452 0.557325
0.047750 0.055425
0.286372 0.195926
0.089213 0.121847
0.462150 0.399923
0.352036 0.411016
0.258085 0.226738
0.479007 0.483837
0.471123 0.411571
0.335308 0.263585
0.766565 0.748231
0.144647 0.116510
0.924473 0.881177
0.741712 0.855285
0.801636 0.717473
0.396177 0.357748
0.368111 0.430692
0.783859 0.862836
0.837885 0.901334
0.096195 0.135834
0.477626 0.493186
0.725704 0.642030
0.431259 0.451148
0.827228 0.718145
0.761729 0.793187
0.657197 0.746946
0.471053 0.495369
0.133252 0.396380
0.346325 0.233941
0.794103 0.807672
0.581774 0.533950
0.708460 0.786908
0.132826 0.089741
0.842721 0.797259
0.498998 0.520347
0.495620 0.445069
0.242198 0.291700
0.332438 0.211681
0.656959 0.680747
0.736035 0.634651
0.636172 0.552734
0.394499 0.148634
0.283661 0.310059
0.413134 0.456808
0.403151 0.356332
0.708151 0.730647
0.330197 0.386180
0.376356 0.407082
0.769642 0.779566
0.576290 0.516714
0.895638 0.892262
0.734985 0.701148
0.385475 0.114118
0.283390 0.286348
0.432985 0.382675
0.925425 0.809481
0.249597 0.317498
0.817251 0.745854
0.761505 0.760197
0.249601 0.290634
0.196638 0.301861
0.217525 0.240724
0.146804 0.373456
0.848361 0.787713
0.780539 0.856957
0.050831 0.094445
0.119617 0.132432
0.094317 0.015983
0.967057 0.955956
0.230459 0.303652
0.371219 0.160568
0.559655 0.525807
0.953765 0.978518
0.376090 0.102741
0.188550 0.172019
0.189838 0.133378
0.973092 0.957754
0.408841 0.349316
0.572156 0.511369
0.166759 0.372599
0.910535 0.851217
0.350231 0.204573
0.906243 0.886806
0.644326 0.651146
0.932746 0.951322
0.759392 0.837154
0.194835 0.232905
0.947100 0.926305
0.399844 0.360581
0.934884 0.949095
0.813645 0.795547
0.754813 0.824576
0.078473 0.013490
0.121963 0.398535
0.288301 0.234109
0.081915 0.115954
0.820445 0.797584
0.610985 0.684304
0.197601 0.260676
0.088604 0.023729
0.238805 0.211356
0.775512 0.892964
0.048080 0.108854
0.072211 0.018106
0.778329 0.734635
0.146603 0.389506
0.473611 0.418726
0.074883 0.027832
0.715574 0.682594
0.377036 0.168917
0.932436 0.960845
0.636967 0.598559
0.073582 0.009117
0.356294 0.390063
0.543886 0.476506
0.598618 0.658037
0.643043 0.642565
0.369365 0.197417
0.806801 0.729759
0.166616 0.162652
0.491835 0.453909
0.738711 0.657096
0.312484 0.220435
0.081409 0.083179
0.394430 0.471896
0.188137 0.329113
0.521429 0.576109
0.297819 0.302387
0.271611 0.300365
0.823960 0.878039
0.888486 0.797445
0.902335 0.822553
0.918299 0.908876
0.506230 0.553698
0.478720 0.497436
0.102785 0.027881
0.623280 0.669938
0.239080 0.325807
0.803202 0.919914
0.783088 0.714111
0.775709 0.696897
0.372448 0.408326
0.926061 0.914482
0.687901 0.738959
0.371302 0.154510
0.510825 0.487212
0.262994 0.271457
0.804534 0.706065
0.569273 0.514257
0.785183 0.752699
0.383972 0.336949
0.721613 0.750467
0.452231 0.505898
0.695403 0.766801
0.209991 0.159744
0.948480 0.913074
0.924881 0.946041
0.730589 0.758250
0.188090 0.380408
0.686296 0.780914
0.119522 0.094214
0.898612 0.914121
0.663866 0.704767
0.469392 0.478114
0.696040 0.750232
0.431017 0.393044
0.840882 0.738161
0.361742 0.376231
0.234071 0.255871
0.910323 0.827797
0.250136 0.242556
0.663343 0.732371
0.862979 0.808543
0.654683 0.762100
0.721113 0.739753
0.225016 0.357137
0.464120 0.492364
0.608244 0.637183
0.250643 0.304317
0.787060 0.816979
0.831152 0.717164
0.746510 0.809688
0.824385 0.909192
0.647608 0.644466
0.784331 0.822269
0.576801 0.592867
0.871268 0.828002
0.312870 0.278103
0.621033 0.661165
0.695649 0.636255
0.639310 0.689261
0.448079 0.379632
0.118465 0.112666
0.786368 0.810768
0.134425 0.176941
0.856337 0.807969
0.723491 0.752657
0.839245 0.772820
0.120321 0.171276
0.767963 0.802672
0.583328 0.626881
0.194839 0.195337
0.158467 0.356303
0.693731 0.679708
0.470350 0.433023
0.531488 0.538221
0.926957 0.970577
0.271390 0.333840
0.161476 0.214276
0.187054 0.141903
0.818590 0.907403
0.518410 0.479750
0.051304 0.099226
0.189952 0.214556
0.422248 0.480141
0.773262 0.749371
0.327031 0.267621
0.200448 0.224253
0.137867 0.173458
0.754649 0.681980
0.431427 0.517142
0.087302 0.388487
0.345670 0.159447
0.113283 0.110335
0.587079 0.672271
0.578631 0.663662
0.333766 0.243762
0.053155 0.121313
0.471365 0.424173
0.480147 0.484705
0.258711 0.286840
0.846277 0.874956
0.013862 0.069369
0.459817 0.450825
0.837022 0.765344
0.147612 0.346830
0.672431 0.671830
0.058160 0.121245
0.671215 0.603652
0.763851 0.738389
0.700835 0.687794
0.112638 0.036621
0.831431 0.744868
0.581559 0.674610
0.034172 0.085663
0.635416 0.617284
0.237837 0.336600
0.613998 0.563471
0.757699 0.664666
0.811757 0.795752
0.914127 0.910286
0.645084 0.556786
0.395128 0.150745
0.739354 0.710386
0.542808 0.610995
0.967653 0.941348
0.717277 0.815716
0.052778 0.083284
0.377261 0.383773
0.335380 0.262186
0.582563 0.594288
0.758045 0.762331
0.252834 0.333661
0.782541 0.802057
0.193805 0.151227
0.109014 0.146832
0.460981 0.537937
0.247924 0.347356
0.254581 0.195697
0.580388 0.563373
0.781555 0.781851
0.711111 0.656024
0.139949 0.388476
0.177828 0.226500
0.089736 0.076275
0.850394 0.783774
0.537876 0.470031
0.295873 0.246313
0.942021 0.862590
0.910746 0.871784
0.418506 0.112723
0.367505 0.118633
0.892382 0.802417
0.028122 0.057337
0.637397 0.576917
0.104791 0.046526
0.348120 0.132654
0.393037 0.122408
0.244776 0.229423
0.664742 0.710836
0.785168 0.891174
0.656263 0.693562
0.160425 0.380028
0.642965 0.734091
0.373804 0.302376
0.097240 0.074899
0.236159 0.316852
0.215681 0.297706
0.725437 0.767763
0.375184 0.410223
0.215085 0.292804
0.123104 0.063661
0.420019 0.446040
0.765722 0.671863
0.505018 0.512279
0.238535 0.223903
0.271629 0.245613
0.365621 0.227580
0.550943 0.529954
0.492344 0.496673
0.352574 0.210156
0.215179 0.178718
0.977248 0.972470
0.950171 0.916876
0.071594 0.047901
0.068017 0.081756
0.120826 0.397943
0.709363 0.647282
0.935626 0.910377
0.718924 0.832471
0.134739 0.383945
0.349486 0.365270
0.413690 0.411772
0.159437 0.121009
0.344675 0.356792
0.041514 0.116074
0.043201 0.020767
0.865382 0.773831
0.941390 0.914213
0.874985 0.764548
0.776190 0.689717
0.576588 0.575702
0.213306 0.319948
0.393495 0.123677
0.581507 0.547145
0.317840 0.388132
0.339849 0.250639
0.175547 0.306085
0.684418 0.614998
0.629715 0.689809
0.311895 0.273834
0.338258 0.224961
0.114196 0.044239
0.919901 0.918252
0.084830 0.031882
0.565587 0.534434
0.402255 0.143142
0.794915 0.902194
0.416165 0.465057
0.728862 0.646353
0.170697 0.210795
0.154544 0.392822
0.236684 0.219497
0.410532 0.396656
0.663090 0.652584
0.516954 0.460209
0.273381 0.278222
0.173574 0.199403
0.754846 0.864431
0.261014 0.245437
0.895881 0.836407
0.739049 0.747422
0.801903 0.866196
0.286288 0.262893
0.415009 0.436180
0.660326 0.685046
0.596925 0.516561
0.116913 0.420790
0.339474 0.150805
0.572474 0.584631
0.699748 0.635484
0.193000 0.372647
0.905429 0.824098
0.360672 0.216421
0.910601 0.817145
0.764264 0.676840
0.336000 0.235035
0.413410 0.441576
0.370401 0.337988
0.940239 0.942850
0.488357 0.490054
0.062216 0.081059
0.281939 0.311571
0.194770 0.181074
0.875819 0.854601
0.731959 0.701408
0.250394 0.276834
0.763084 0.761020
0.720816 0.714842
0.688632 0.783147
0.834391 0.742026
0.307589 0.230774
0.424167 0.390142
0.895927 0.775899
0.140822 0.183319
0.459148 0.517290
0.079473 0.010800
0.552369 0.519811
0.239126 0.190604
0.387227 0.394135
0.684322 0.719785
0.281661 0.263517
0.494922 0.462251
0.435512 0.358657
0.124204 0.423095
0.048721 0.042345
0.474215 0.514940
0.517762 0.594533
0.655111 0.740279
0.268457 0.282209
0.377191 0.138634
0.652896 0.599976
0.047003 0.032903
0.189511 0.380086
0.893545 0.863407
0.386281 0.151683
0.626686 0.706155
0.317537 0.223257
0.840207 0.837813
0.736926 0.734688
0.104465 0.073210
0.031624 0.017567
0.633897 0.619210
0.276195 0.250599
0.129070 0.144978
0.828697 0.921107
0.501209 0.508417
0.632170 0.556862
0.259115 0.290797
0.652874 0.560507
0.221407 0.210026
0.302075 0.290822
0.703437 0.618238
0.574577 0.538079
0.556986 0.480915
0.459319 0.473136
0.774448 0.885944
0.364046 0.408696
0.866961 0.904580
0.893971 0.832902
0.728458 0.738561
0.804086 0.803921
0.252447 0.234095
0.554246 0.536113
0.801020 0.829485
0.637095 0.656683
0.174230 0.334440
0.326130 0.394037
0.439724 0.505044
0.214892 0.286853
0.361833 0.186801
0.804000 0.824850
0.296363 0.199143
0.368225 0.214209
0.933911 0.853643
0.252465 0.245531
0.208834 0.217289
0.829795 0.832881
0.384785 0.093374
0.729385 0.834947
0.263704 0.284071
0.206267 0.174367
0.832026 0.854849
