0.576193 0.806180
0.436879 0.879236
0.472443 0.612750
0.337811 0.581212
0.497422 0.733663
0.482130 0.788114
0.548898 0.421013
0.471853 0.788717
0.540170 0.881416
0.398152 0.847211
0.405244 0.522390
0.468139 0.335140
0.428989 0.611037
0.581031 0.735157
0.388739 0.143622
0.346120 0.729383
0.487578 0.762273
0.472140 0.717857
0.506791 0.691756
0.469965 0.432655
0.458947 0.395392
0.570371 0.754943
0.515184 0.316211
0.492629 0.484049
0.668462 0.564873
0.455295 0.776005
0.341429 0.693795
0.458080 0.345616
0.393910 0.642968
0.442063 0.727894
0.345725 0.706273
0.322317 0.599084
0.448584 0.216134
0.486970 0.570185
0.543325 0.656510
0.550618 0.774130
0.479366 0.745886
0.534145 0.542432
0.461858 0.745743
0.385958 0.713220
0.403605 0.177329
0.543214 0.859701
0.492931 0.662781
0.445121 0.689958
0.466005 0.563986
0.492351 0.773386
0.609324 0.526438
0.314723 0.489923
0.396421 0.531336
0.606991 0.457943
0.519752 0.573624
0.459498 0.611854
0.563045 0.566027
0.479368 0.750487
0.460614 0.425644
0.527789 0.428407
0.541761 0.682305
0.487502 0.512920
0.544317 0.905184
0.360178 0.085723
0.318984 0.508603
0.533504 0.493099
0.419369 0.642977
0.433395 0.289000
0.391777 0.477409
0.388687 0.180204
0.506661 0.442491
0.492923 0.690707
0.362775 0.687320
0.471585 0.472251
0.420119 0.459245
0.378998 0.829842
0.485196 0.715968
0.483041 0.887381
0.331942 0.604307
0.493827 0.403422
0.643647 0.492921
0.463599 0.881876
0.507892 0.629798
0.527644 0.659118
0.566848 0.688353
0.501854 0.349938
0.531620 0.496491
0.596894 0.825794
0.560737 0.679137
0.363663 0.746856
0.600241 0.573571
0.504163 0.865531
0.382033 0.671382
0.503485 0.664612
0.629034 0.541165
0.352657 0.534050
0.338813 0.525093
0.505456 0.698264
0.546727 0.462560
0.553374 0.901977
0.560708 0.548893
0.380176 0.459082
0.467979 0.631333
0.375358 0.830805
0.355338 0.467028
0.388610 0.657923
0.379365 0.114726
0.585936 0.861473
0.332913 0.511759
0.533858 0.336127
0.308167 0.493596
0.482108 0.451033
0.529138 0.639229
0.481754 0.497307
0.361713 0.804635
0.444938 0.597631
0.531074 0.405069
0.387873 0.749751
0.439337 0.806491
0.430517 0.917997
0.425200 0.789131
0.441721 0.724868
0.497488 0.559711
0.562105 0.475495
0.621783 0.881272
0.439890 0.487763
0.474768 0.575709
0.490102 0.883538
0.631177 0.544516
0.573493 0.855320
0.436852 0.638704
0.485602 0.361392
0.411121 0.901134
0.546099 0.545774
0.501151 0.335990
0.457838 0.903724
0.636160 0.573939
0.368775 0.672075
0.593650 0.571599
0.436419 0.305170
0.373039 0.873136
0.430186 0.291133
0.333587 0.502017
0.436951 0.334323
0.525717 0.591490
0.350958 0.580623
0.641497 0.508008
0.505733 0.892178
0.417109 0.668737
0.534989 0.624152
0.501461 0.628596
0.310434 0.486012
0.487503 0.294464
0.591973 0.534086
0.463836 0.914781
0.502520 0.471293
0.488977 0.504041
0.400165 0.498021
0.490522 0.885822
0.376276 0.846711
0.390059 0.484447
0.333239 0.582599
0.584321 0.576323
0.416479 0.899063
0.462802 0.798609
0.552868 0.664511
0.550571 0.527655
0.548249 0.639252
0.570012 0.719584
0.567394 0.507422
0.574767 0.451462
0.457997 0.782401
0.389692 0.516784
0.545130 0.924072
0.423654 0.664147
0.487605 0.787954
0.412395 0.652608
0.416077 0.791002
0.429862 0.303482
0.388713 0.461953
0.504323 0.538874
0.361077 0.469930
0.472522 0.514295
0.453697 0.632507
0.439343 0.469075
0.314899 0.561172
0.481944 0.751725
0.560167 0.866072
0.583835 0.470231
0.362479 0.647459
0.418018 0.565475
0.551192 0.687476
0.473751 0.279395
0.363951 0.820417
0.368870 0.870244
0.535652 0.754668
0.371113 0.595628
0.414547 0.742693
0.487619 0.832160
0.549305 0.560571
0.437141 0.325489
0.536777 0.440064
0.413488 0.721436
0.383522 0.142595
0.465630 0.558166
0.489021 0.446225
0.480312 0.351126
0.514232 0.678072
0.528348 0.825939
0.492046 0.477549
0.578625 0.489877
0.379688 0.876036
0.412481 0.824074
0.543136 0.722623
0.514261 0.739542
0.414509 0.714478
0.450931 0.498365
0.440865 0.262629
0.396241 0.521973
0.343661 0.513625
0.544712 0.434195
0.536698 0.743921
0.532817 0.512216
0.557655 0.451265
0.585998 0.488986
0.436858 0.231698
0.531221 0.454429
0.349584 0.474657
0.584204 0.489110
0.485719 0.865008
0.497592 0.398928
0.418222 0.179414
0.537750 0.631018
0.452578 0.356690
0.554796 0.781016
0.364999 0.594200
0.583518 0.885246
0.416465 0.237594
0.372743 0.555541
0.344115 0.714611
0.348377 0.729626
0.382313 0.485457
0.488363 0.901530
0.360128 0.081161
0.448439 0.354264
0.612933 0.578265
0.486926 0.608204
0.447942 0.644483
0.497507 0.601654
0.552952 0.498753
0.411677 0.798973
0.512579 0.456295
0.432785 0.267567
0.563101 0.524280
0.377522 0.782666
0.363309 0.774174
0.505247 0.316100
0.429216 0.276511
0.471002 0.248466
0.523608 0.579431
0.443624 0.856795
0.483717 0.715349
0.376841 0.841087
0.559550 0.771949
0.550955 0.817311
0.438466 0.685767
0.550797 0.407921
0.523083 0.814855
0.448391 0.474736
0.482751 0.309833
0.446142 0.676386
0.396244 0.208431
0.353044 0.579829
0.394156 0.617580
0.635747 0.545342
0.414055 0.510780
0.362574 0.592198
0.564301 0.458954
0.370822 0.750310
0.556777 0.479287
0.507192 0.585894
0.425947 0.764964
0.558443 0.763418
0.563067 0.427055
0.363415 0.525806
0.477982 0.825874
0.378937 0.812621
0.497851 0.315255
0.447062 0.615232
0.592320 0.553678
0.464238 0.420092
0.439546 0.568947
0.581784 0.819367
0.463037 0.822198
0.428741 0.851008
0.554462 0.440464
0.537486 0.602569
0.434334 0.230111
0.458299 0.905240
0.344286 0.655186
0.559537 0.851264
0.507456 0.594292
0.388572 0.784865
0.530708 0.495517
0.376563 0.115916
0.521248 0.887959
0.359441 0.772607
0.410902 0.530739
0.445153 0.350661
0.407723 0.185689
0.575297 0.388511
0.441979 0.746494
0.406805 0.203129
0.487328 0.316135
0.397376 0.890460
0.448479 0.500642
0.550084 0.637050
0.454824 0.773471
0.492416 0.505545
0.426269 0.640240
0.408936 0.731503
0.519766 0.680798
0.525912 0.730240
0.494629 0.859210
0.427071 0.904165
0.414354 0.832397
0.350950 0.621897
0.545114 0.766095
0.426092 0.883185
0.388708 0.834780
0.312197 0.481776
0.600907 0.435194
0.400163 0.792305
0.391849 0.490541
0.466027 0.353109
0.517519 0.637901
0.408626 0.808705
0.557817 0.425273
0.324658 0.490003
0.506499 0.336785
0.375935 0.640288
0.474386 0.298646
0.569658 0.566334
0.333967 0.579849
0.389193 0.816121
0.521766 0.816451
0.476105 0.854952
0.536095 0.860956
0.454703 0.222103
0.373660 0.522265
0.417552 0.868608
0.437561 0.648992
0.461729 0.850484
0.380921 0.765907
0.512489 0.344384
0.339335 0.688808
0.483794 0.454729
0.458578 0.354956
0.384919 0.507256
0.496415 0.714213
0.515911 0.835697
0.600399 0.849141
0.443410 0.207131
0.474984 0.334798
0.411132 0.487369
0.471969 0.905974
0.520298 0.841984
0.467230 0.472540
0.383531 0.680292
0.456076 0.697839
0.458233 0.343696
0.576465 0.770236
0.598485 0.450757
0.383269 0.905754
0.408647 0.684472
0.437386 0.481812
0.408014 0.182196
0.566793 0.913661
0.561580 0.575763
0.441851 0.259680
0.401064 0.681266
0.474915 0.863159
0.538169 0.578799
0.357658 0.650616
0.585560 0.436754
0.547355 0.712696
0.487643 0.905631
0.414891 0.619737
0.497966 0.660195
0.404224 0.712200
0.410095 0.687689
0.458423 0.836066
0.541074 0.642775
0.562972 0.800272
0.362251 0.502936
0.501889 0.725057
0.609488 0.488374
0.670153 0.558792
0.397671 0.486888
0.572795 0.402680
0.478402 0.812370
0.473948 0.805258
0.622632 0.537736
0.468829 0.731174
0.513097 0.677311
0.444736 0.552802
0.342996 0.477373
0.403383 0.871066
0.532721 0.435322
0.490625 0.472617
0.428902 0.312704
0.619018 0.540287
0.401814 0.190551
0.362195 0.668114
0.369651 0.502924
0.434753 0.846468
0.512106 0.536461
0.546972 0.639007
0.324638 0.466726
0.533547 0.891575
0.472492 0.812265
0.516690 0.383005
0.398000 0.849234
0.623151 0.571612
0.494566 0.373507
0.429522 0.538176
0.308588 0.491012
0.485373 0.796093
0.519755 0.579865
0.404183 0.491558
0.426177 0.760897
0.509420 0.752116
0.468345 0.807842
0.537441 0.461778
0.304010 0.485726
0.456654 0.307020
0.510333 0.591416
0.490594 0.783360
0.445809 0.885661
0.644447 0.502343
0.359813 0.690629
0.400793 0.717050
0.537771 0.523545
0.532450 0.427542
0.515699 0.453167
0.369112 0.579966
0.359731 0.477202
0.629600 0.883935
0.537918 0.500176
0.416635 0.529022
0.553154 0.867853
0.326013 0.634385
0.390426 0.507729
0.478514 0.733085
0.484469 0.689337
0.533912 0.409737
0.384556 0.123945
0.518858 0.814348
0.539118 0.650324
0.521327 0.913682
0.452868 0.810041
0.512500 0.420686
0.620375 0.546297
0.483383 0.614013
0.613868 0.446930
0.426068 0.488608
0.546144 0.736033
0.550738 0.436201
0.426817 0.758931
0.383975 0.141921
0.475693 0.359036
0.325322 0.495682
0.429489 0.875585
0.668738 0.538293
0.525467 0.845918
0.478884 0.431014
0.462260 0.843335
0.394337 0.601185
0.555367 0.845402
0.547823 0.363087
0.458765 0.483684
0.388709 0.802752
0.410643 0.877559
0.522427 0.824310
0.538356 0.739333
0.494985 0.396429
0.663025 0.563206
0.498022 0.480518
0.386626 0.487801
0.551343 0.711258
0.452676 0.876071
0.676465 0.558207
0.443660 0.633353
0.458700 0.420616
0.409253 0.719615
0.596438 0.798538
0.518137 0.772857
0.447620 0.506897
0.562721 0.793360
0.510229 0.741876
0.459846 0.579037
0.515017 0.527506
0.483201 0.692213
0.538081 0.736266
0.401400 0.687800
0.367945 0.584744
0.520130 0.445728
0.360923 0.519396
0.492051 0.528109
0.584769 0.808533
0.508976 0.843738
0.466791 0.431744
0.385205 0.129004
0.411718 0.558383
0.374315 0.863596
0.355945 0.554848
0.481199 0.530053
0.431514 0.194985
0.399863 0.633798
0.556880 0.389329
0.442643 0.769075
0.580381 0.826514
0.367007 0.684949
0.498338 0.371240
0.499298 0.299544
0.550815 0.540533
0.337655 0.567626
0.519798 0.826030
0.547917 0.793715
0.460766 0.528543
0.392717 0.533315
0.368848 0.608508
0.529068 0.909038
0.530113 0.708656
0.570094 0.826851
0.600162 0.842840
0.555801 0.376540
0.449988 0.625529
0.452169 0.405203
0.474876 0.729059
0.638136 0.503745
0.613600 0.876132
0.478994 0.720916
0.464467 0.697092
0.496154 0.466446
0.431409 0.517077
0.550390 0.451903
0.513540 0.348203
0.499147 0.541088
0.529955 0.894908
0.456294 0.528906
0.447303 0.635307
0.530972 0.866419
0.461427 0.470704
0.324556 0.548565
0.507410 0.762202
0.643576 0.539709
0.433950 0.681863
0.344903 0.563316
0.425502 0.559261
0.503161 0.804783
0.431201 0.602801
0.461430 0.386590
0.353068 0.488647
0.520358 0.483023
0.471249 0.446348
0.437221 0.847098
0.505690 0.736026
0.396284 0.467016
0.469487 0.647489
0.585312 0.410749
0.600786 0.527753
0.444853 0.728857
0.572634 0.738080
0.429951 0.467158
0.476722 0.849130
0.511441 0.543369
0.480052 0.737556
0.383441 0.152480
0.470543 0.832414
0.532042 0.726669
0.606057 0.433594
0.417174 0.712614
0.365974 0.561946
0.497799 0.894963
0.516799 0.915227
0.512541 0.419288
0.494989 0.362064
0.456221 0.269790
0.442462 0.623622
0.435250 0.464455
0.513701 0.779610
0.454363 0.900155
0.465205 0.686559
0.444152 0.563491
0.511720 0.484751
0.564482 0.808320
0.524972 0.778500
0.488136 0.549985
0.461443 0.791883
0.656916 0.531333
0.406636 0.644676
0.529206 0.460714
0.640416 0.537561
0.493452 0.577938
0.534838 0.414871
0.460866 0.307267
0.524641 0.565847
0.471316 0.730775
0.432834 0.633189
0.636156 0.913172
0.447948 0.870343
0.323745 0.519591
0.396337 0.854598
0.431271 0.824130
0.473877 0.859579
0.511082 0.556798
0.363074 0.732756
0.405322 0.899927
0.568738 0.774941
0.311839 0.565741
0.415465 0.241568
0.543899 0.810178
0.436108 0.285920
0.428388 0.770927
0.334932 0.507385
0.497643 0.768490
0.476113 0.765238
0.575080 0.914173
0.447253 0.648350
0.541567 0.907575
0.500120 0.820382
0.459656 0.895990
0.441835 0.739017
0.458715 0.340075
0.607374 0.460036
0.409187 0.584801
0.478301 0.374764
0.487304 0.390148
0.464462 0.492402
0.546430 0.465744
0.490297 0.514330
0.526816 0.343877
0.469770 0.335805
0.536636 0.857018
0.507866 0.432514
0.331914 0.496452
0.465042 0.367536
0.362107 0.101306
0.570005 0.512009
0.447448 0.481687
0.618406 0.923902
0.343208 0.662179
0.362845 0.518980
0.559382 0.887618
0.369419 0.494275
0.534701 0.813098
0.623329 0.870627
0.515352 0.538942
0.396251 0.661112
0.359024 0.539967
0.363779 0.778956
0.340389 0.623784
0.484249 0.486310
0.466139 0.262065
0.411057 0.849111
0.455991 0.732241
0.444106 0.686610
0.475162 0.528991
0.516382 0.633384
0.517358 0.555282
0.487128 0.818488
0.459434 0.616843
0.465500 0.347363
0.443697 0.551578
0.576959 0.489550
0.483402 0.856166
0.420429 0.555470
0.499743 0.432296
0.525738 0.460049
0.533740 0.340820
0.411895 0.737177
0.484267 0.793361
0.408211 0.621532
0.507319 0.894634
0.427295 0.820214
0.477841 0.800634
0.478327 0.495942
0.533296 0.671718
0.466111 0.545701
0.517073 0.715772
0.555392 0.739114
0.402703 0.237024
0.445585 0.328786
0.395579 0.141137
0.390190 0.842036
0.504005 0.503416
0.488282 0.730407
0.339460 0.519035
0.595305 0.520585
0.613640 0.462820
0.499847 0.472227
0.403943 0.769490
0.550642 0.491219
0.420678 0.279135
0.430360 0.576821
0.419023 0.587359
0.470502 0.826154
0.405635 0.649948
0.439197 0.770347
0.563297 0.884892
0.581591 0.867191
0.502903 0.327191
0.328374 0.504080
0.407456 0.662565
0.382970 0.686388
0.541219 0.387041
0.495642 0.289016
0.393238 0.652365
0.499406 0.439824
0.681722 0.561818
0.378330 0.562405
0.354306 0.490626
0.512760 0.479241
0.451313 0.362181
0.514931 0.361106
0.348084 0.585642
0.439322 0.278451
0.363096 0.587895
0.377661 0.827382
0.439222 0.215010
0.444109 0.800118
0.380752 0.638711
0.470527 0.789786
0.477749 0.277505
0.561354 0.871867
0.506541 0.756701
0.608610 0.842992
0.395786 0.710763
0.407969 0.194659
0.539519 0.564837
0.501251 0.400152
0.457472 0.282868
0.528730 0.731371
0.380842 0.705868
0.546217 0.675270
0.484309 0.814502
0.544038 0.860444
0.496871 0.695116
0.380202 0.137047
0.426062 0.801317
0.501290 0.805719
0.544030 0.785413
0.368696 0.780999
0.539535 0.499425
0.427036 0.870411
0.423710 0.590701
0.451988 0.274278
0.405731 0.468015
0.337179 0.608823
0.517594 0.541620
0.507420 0.400564
0.396901 0.916087
0.462212 0.238097
0.589407 0.456560
0.477714 0.422456
0.535722 0.658195
0.461731 0.422193
0.558520 0.841317
0.562797 0.535393
0.399110 0.459547
0.456435 0.489840
0.503054 0.486011
0.400675 0.561290
0.505470 0.920521
0.361903 0.732169
0.426124 0.306141
0.532202 0.661621
0.371789 0.831071
0.375453 0.140766
0.475760 0.345037
0.488213 0.470536
0.404798 0.479555
0.521509 0.580310
0.471218 0.587317
0.498219 0.353537
0.410963 0.699721
0.511074 0.403577
0.650286 0.517263
0.422276 0.750333
0.337539 0.554796
0.549412 0.891013
0.514440 0.708172
0.548869 0.518620
0.536725 0.391673
0.507204 0.647364
0.398850 0.583191
0.575230 0.876647
0.351754 0.649201
0.407877 0.497204
0.545326 0.527499
0.476560 0.859038
0.434383 0.240706
0.336549 0.658374
0.540431 0.849405
0.484745 0.347150
0.557038 0.906413
0.620311 0.463826
0.522346 0.689490
0.565274 0.500761
0.431090 0.909946
0.589521 0.892838
0.443115 0.487230
0.400974 0.636528
0.523685 0.723387
0.451168 0.616112
0.642435 0.574627
0.518122 0.482770
0.411247 0.621475
0.584973 0.565884
0.454910 0.385668
0.433525 0.234928
0.614489 0.902048
0.413105 0.503633
0.581057 0.778078
0.578168 0.794002
0.449974 0.662824
0.409085 0.198702
0.382056 0.684268
0.489376 0.887810
0.374242 0.563987
0.640287 0.560384
0.478602 0.533972
0.464982 0.235287
0.444973 0.376204
0.454769 0.684138
0.603184 0.813910
0.406879 0.893458
0.628725 0.571492
0.549570 0.772946
0.426021 0.313179
0.405185 0.486084
0.504988 0.807215
0.647861 0.567747
0.473526 0.836682
0.549388 0.751018
0.394267 0.563357
0.467705 0.254513
0.543970 0.350006
0.515688 0.548578
0.431423 0.282771
0.452690 0.611682
0.598481 0.422915
0.499282 0.421216
0.447476 0.843248
0.371035 0.577622
0.588086 0.527106
0.595440 0.869733
0.489806 0.388308
0.437012 0.601983
0.347537 0.736032
0.398247 0.914491
0.582625 0.522960
0.422841 0.920122
0.475562 0.791297
0.446183 0.271499
0.407350 0.235861
0.349344 0.663248
0.371052 0.864513
0.520483 0.442576
0.537951 0.669171
0.381966 0.892743
0.364922 0.774098
0.435749 0.697090
0.424313 0.642113
0.593612 0.567559
0.381033 0.831849
0.471323 0.260000
0.593765 0.520302
0.679900 0.575041
0.645631 0.537616
0.386761 0.637457
0.422561 0.548409
0.371842 0.640395
0.430219 0.555056
0.471174 0.674168
0.404541 0.206706
0.486660 0.562020
0.437085 0.682219
0.442054 0.667393
0.574049 0.453048
0.366155 0.680385
0.593508 0.832775
0.553229 0.784525
0.407527 0.721139
0.310112 0.550933
0.363305 0.677008
0.490948 0.526224
0.394277 0.888155
0.477382 0.859250
0.687035 0.554353
0.327918 0.531869
0.471107 0.695197
0.623619 0.514978
0.496784 0.390893
0.667855 0.547621
0.409625 0.592895
0.489157 0.495948
0.650513 0.576419
0.512217 0.773638
0.501354 0.869049
0.492023 0.617244
0.574944 0.489816
0.405289 0.897701
0.449261 0.534706
0.499367 0.505727
0.585418 0.418681
0.435770 0.289146
0.354963 0.590269
0.563844 0.810897
0.444221 0.378062
0.435830 0.240083
0.558903 0.757593
0.505212 0.577574
0.423366 0.829776
0.427660 0.523275
0.466217 0.436441
0.664606 0.545088
0.396821 0.921409
0.345155 0.606232
0.416774 0.689817
0.440393 0.499442
0.408143 0.800711
0.458981 0.375491
0.403662 0.512342
0.435326 0.228493
0.539242 0.807166
0.424405 0.865180
0.478052 0.917067
0.392882 0.150339
0.511383 0.771110
0.471451 0.682922
0.507334 0.601359
0.471119 0.757547
0.490183 0.588316
0.345827 0.639914
0.445582 0.538006
0.601120 0.444456
0.431441 0.324941
0.545899 0.459916
0.424976 0.622444
0.437167 0.224477
0.338605 0.586198
0.465789 0.837226
0.444410 0.903311
0.383258 0.636333
0.544155 0.898392
0.468836 0.854250
0.324998 0.544244
0.473655 0.405009
0.365949 0.824436
0.507398 0.418658
0.543913 0.791197
0.440839 0.622636
0.416624 0.166259
0.396556 0.708843
0.312049 0.540252
0.353638 0.506504
0.389004 0.466191
0.519535 0.458693
0.381150 0.132439
0.385150 0.591974
0.482536 0.569211
0.360797 0.557575
0.458183 0.595671
0.459655 0.615000
0.425223 0.636440
0.401215 0.158289
0.356671 0.764616
0.398610 0.499593
0.444471 0.749776
0.451205 0.708374
0.384916 0.732622
0.591627 0.450489
0.364161 0.619829
0.551244 0.853031
0.416808 0.464302
0.468833 0.843347
0.502500 0.443649
0.335247 0.596980
0.514560 0.920666
0.484822 0.331158
0.570822 0.385762
0.472173 0.745985
0.412794 0.735658
0.383663 0.890189
0.567868 0.786146
0.565467 0.432160
0.511342 0.473833
0.455588 0.560604
0.437397 0.352733
0.626102 0.516141
0.580500 0.540514
0.474218 0.276544
