0.447959 0.582194
0.501703 0.476408
0.140404 0.601274
0.562433 0.099287
0.172893 0.645847
0.458781 0.780859
0.526393 0.465330
0.625077 0.385102
0.190793 0.837057
0.434106 0.119258
0.633357 0.646145
0.699360 0.622219
0.620741 0.436209
0.381906 0.089482
0.281752 0.411332
0.155108 0.781225
0.686933 0.752542
0.315956 0.628484
0.729753 0.813111
0.596306 0.654505
0.140221 0.722965
0.496777 0.317973
0.398821 0.493090
0.339377 0.138065
0.242371 0.795902
0.720436 0.683079
0.583152 0.688669
0.850847 0.802883
0.315589 0.587993
0.829495 0.508865
0.366737 0.631529
0.173562 0.780180
0.303730 0.676346
0.364231 0.435871
0.522358 0.593632
0.314879 0.610092
0.660371 0.524804
0.310480 0.545159
0.385932 0.764264
0.814376 0.493066
0.619963 0.591562
0.428957 0.432910
0.493588 0.809206
0.401021 0.387025
0.675605 0.549744
0.167242 0.603438
0.441618 0.797560
0.840232 0.628472
0.719662 0.889353
0.280790 0.678759
0.382320 0.700870
0.403237 0.630609
0.694440 0.843944
0.799463 0.788916
0.636090 0.606110
0.713384 0.636587
0.337447 0.784504
0.611893 0.686602
0.470012 0.767984
0.830699 0.521942
0.341639 0.604426
0.579963 0.686291
0.455579 0.532466
0.582157 0.406314
0.599348 0.467134
0.697624 0.665690
0.312636 0.866088
0.325385 0.607029
0.534346 0.103576
0.316065 0.785725
0.692226 0.415640
0.149810 0.753446
0.641097 0.656671
0.768634 0.462629
0.546696 0.847320
0.303767 0.857731
0.522526 0.100727
0.789551 0.465019
0.529519 0.119070
0.656283 0.626398
0.342280 0.899727
0.390470 0.667820
0.415343 0.810559
0.486162 0.398318
0.724012 0.717235
0.464945 0.640901
0.518729 0.815320
0.661153 0.532624
0.633528 0.432358
0.415020 0.162399
0.598859 0.594796
0.444233 0.723382
0.318950 0.423797
0.533836 0.847358
0.506516 0.271243
0.320731 0.432773
0.442290 0.521668
0.321119 0.580234
0.650996 0.097260
0.670707 0.699270
0.422340 0.812807
0.390580 0.505535
0.464098 0.682665
0.638266 0.810692
0.602809 0.384956
0.518987 0.376820
0.532735 0.505285
0.727935 0.646785
0.473523 0.378083
0.241976 0.806621
0.495608 0.485783
0.638759 0.624878
0.413723 0.549193
0.194870 0.598598
0.727140 0.643261
0.471007 0.900532
0.582371 0.467097
0.588206 0.171955
0.371947 0.582807
0.673096 0.647497
0.557036 0.167948
0.409060 0.565906
0.421935 0.649636
0.428498 0.608959
0.293250 0.830370
0.433235 0.848176
0.552929 0.411314
0.607173 0.492357
0.583199 0.189237
0.147465 0.716423
0.628134 0.394388
0.327136 0.506864
0.496102 0.565377
0.191305 0.677647
0.581787 0.814621
0.675265 0.115511
0.450795 0.096667
0.643552 0.432436
0.195198 0.531051
0.405153 0.488301
0.395450 0.760344
0.473776 0.610460
0.708323 0.735743
0.773093 0.786445
0.156354 0.631618
0.180313 0.783798
0.585628 0.418199
0.461331 0.107115
0.338982 0.623037
0.445707 0.480348
0.657472 0.140173
0.311652 0.822056
0.471965 0.217011
0.413922 0.450339
0.137724 0.613714
0.259962 0.806937
0.480375 0.535155
0.703252 0.439835
0.477520 0.775482
0.605223 0.861163
0.453181 0.732920
0.683943 0.124703
0.359781 0.654650
0.388951 0.157578
0.647233 0.681769
0.752213 0.478616
0.671623 0.891920
0.476151 0.379747
0.527416 0.499791
0.284344 0.840788
0.648970 0.630195
0.465864 0.722819
0.152177 0.618202
0.551439 0.730053
0.686866 0.678702
0.536231 0.202901
0.568794 0.156748
0.818424 0.809244
0.594037 0.536130
0.163807 0.663438
0.549657 0.591768
0.194320 0.633365
0.370267 0.654125
0.294382 0.421899
0.677180 0.837775
0.168300 0.720661
0.469588 0.235865
0.487977 0.734557
0.506395 0.872076
0.635127 0.549483
0.154978 0.548506
0.686276 0.132451
0.864775 0.641942
0.316778 0.441295
0.583942 0.126554
0.346201 0.756287
0.684237 0.827612
0.484198 0.267636
0.510475 0.581587
0.347497 0.692449
0.522112 0.278060
0.492297 0.559178
0.481244 0.295976
0.606224 0.574991
0.304978 0.447582
0.731880 0.451917
0.433882 0.172678
0.661043 0.835686
0.548618 0.901067
0.363826 0.857447
0.703570 0.545108
0.198884 0.827715
0.495225 0.566239
0.678219 0.688105
0.711875 0.869490
0.570984 0.814303
0.813424 0.783942
0.582228 0.429597
0.834763 0.779329
0.575173 0.605638
0.285297 0.836777
0.834729 0.795727
0.644078 0.137859
0.648585 0.527159
0.718323 0.629544
0.643848 0.547408
0.468681 0.163687
0.583700 0.488507
0.145594 0.797055
0.290946 0.425676
0.395489 0.739430
0.403994 0.428378
0.833593 0.770006
0.651603 0.486957
0.417948 0.428949
0.703582 0.867932
0.542887 0.578682
0.539968 0.629626
0.467312 0.165413
0.338059 0.781762
0.333162 0.585894
0.678038 0.414559
0.565157 0.158932
0.558277 0.151190
0.852993 0.740986
0.480113 0.338393
0.403196 0.572712
0.153137 0.797229
0.391178 0.690352
0.314343 0.801496
0.850885 0.647806
0.410227 0.864300
0.535345 0.697310
0.516701 0.594727
0.329200 0.547366
0.724882 0.800320
0.483342 0.577908
0.453041 0.424636
0.434926 0.758932
0.431433 0.388221
0.796580 0.537086
0.384329 0.163022
0.389640 0.554783
0.349062 0.842629
0.264421 0.486001
0.524459 0.710697
0.512250 0.522644
0.335248 0.738294
0.399423 0.383645
0.522186 0.448500
0.651941 0.443090
0.572894 0.153054
0.694787 0.658562
0.674620 0.603541
0.646097 0.406532
0.409999 0.406568
0.505494 0.793477
0.385988 0.742932
0.450589 0.475903
0.325755 0.658792
0.686910 0.851168
0.482602 0.277020
0.714610 0.125145
0.516010 0.206761
0.481203 0.277617
0.526512 0.198039
0.514167 0.329853
0.537761 0.267728
0.729041 0.482159
0.715645 0.820431
0.341110 0.618157
0.585010 0.143804
0.184292 0.733184
0.474091 0.529812
0.316973 0.562846
0.485887 0.907799
0.723254 0.802097
0.198139 0.790150
0.508161 0.150081
0.558466 0.722497
0.139807 0.664116
0.167290 0.681662
0.683877 0.636690
0.279357 0.756489
0.596599 0.189147
0.446306 0.546134
0.619291 0.397770
0.293557 0.456834
0.493616 0.766735
0.784161 0.547963
0.704132 0.749371
0.467893 0.684352
0.318009 0.399936
0.722672 0.811531
0.356211 0.622720
0.395928 0.433199
0.360590 0.635835
0.852299 0.559233
0.557899 0.163241
0.430874 0.477995
0.366278 0.412219
0.478400 0.512760
0.580308 0.537408
0.534291 0.556772
0.381411 0.864739
0.700070 0.620997
0.711863 0.797973
0.407966 0.888593
0.460970 0.703138
0.537686 0.897469
0.717219 0.599388
0.726938 0.647114
0.715801 0.815350
0.386581 0.725207
0.780481 0.499345
0.681148 0.666537
0.464933 0.133902
0.267409 0.468377
0.585604 0.415023
0.491069 0.185788
0.668472 0.752560
0.577751 0.174571
0.587971 0.710239
0.332001 0.403980
0.416147 0.762503
0.320128 0.096772
0.414282 0.813163
0.628375 0.550799
0.578627 0.415105
0.719758 0.876626
0.658315 0.091424
0.336880 0.673011
0.600269 0.866487
0.384145 0.168793
0.431137 0.525444
0.667272 0.765534
0.708627 0.833865
0.273899 0.660180
0.585609 0.848554
0.194754 0.690649
0.468859 0.881890
0.810684 0.568484
0.536808 0.180096
0.855448 0.634596
0.854540 0.790285
0.694286 0.419492
0.569323 0.741402
0.636240 0.122408
0.620491 0.574108
0.551185 0.494557
0.616103 0.674056
0.688251 0.892154
0.723026 0.628429
0.291294 0.896843
0.427541 0.174724
0.630703 0.561930
0.596247 0.786547
0.312943 0.607800
0.266748 0.821408
0.521753 0.483846
0.160095 0.826850
0.307206 0.620655
0.597114 0.607349
0.463139 0.477933
0.686361 0.105471
0.325690 0.883723
0.405518 0.781262
0.686462 0.780515
0.315417 0.566742
0.249602 0.797792
0.407543 0.840514
0.671388 0.616296
0.191982 0.715376
0.511060 0.748712
0.172315 0.556630
0.423202 0.516914
0.382774 0.569414
0.579916 0.866190
0.528053 0.809169
0.581342 0.811897
0.475400 0.276978
0.577123 0.568350
0.583803 0.462280
0.669702 0.623783
0.835758 0.515792
0.441604 0.851277
0.515128 0.575102
0.388465 0.649984
0.545805 0.583443
0.771896 0.462592
0.602756 0.655565
0.351380 0.482750
0.585542 0.709730
0.203983 0.822013
0.739929 0.813875
0.356567 0.133677
0.577635 0.704322
0.656229 0.534535
0.662554 0.559573
0.296692 0.883387
0.322631 0.691791
0.278836 0.652803
0.394095 0.500092
0.717834 0.859843
0.759833 0.482125
0.747947 0.446381
0.368902 0.636169
0.808659 0.681961
0.405668 0.396602
0.434514 0.743684
0.558107 0.456635
0.789834 0.478872
0.140239 0.645258
0.164103 0.718095
0.595955 0.104491
0.656810 0.741378
0.539212 0.753044
0.635716 0.647509
0.454030 0.457894
0.624531 0.113774
0.429390 0.879099
0.311315 0.457117
0.845084 0.679305
0.724864 0.693608
0.519534 0.308303
0.448807 0.668344
0.600269 0.819360
0.479175 0.562285
0.246877 0.480556
0.376792 0.777774
0.441590 0.170633
0.587521 0.817497
0.259515 0.423918
0.404643 0.642151
0.836191 0.751556
0.206368 0.476167
0.313922 0.682459
0.519657 0.275872
0.584564 0.745018
0.415010 0.863567
0.491259 0.690428
0.838520 0.762179
0.541807 0.759594
0.345205 0.492368
0.475972 0.830976
0.281154 0.671838
0.433001 0.786338
0.503299 0.707269
0.615826 0.174931
0.642416 0.842349
0.398567 0.666464
0.722666 0.441136
0.510798 0.743934
0.512906 0.425973
0.649539 0.497699
0.506225 0.659142
0.593896 0.480473
0.152752 0.617632
0.386812 0.845288
0.560240 0.691901
0.514259 0.707385
0.726780 0.905282
0.461872 0.120892
0.424499 0.415350
0.264417 0.460406
0.657000 0.515779
0.395706 0.647599
0.662853 0.504833
0.277960 0.856677
0.443927 0.747592
0.294295 0.901649
0.530641 0.109435
0.193374 0.495577
0.204914 0.464909
0.464770 0.607338
0.356104 0.432535
0.697638 0.891005
0.300102 0.713615
0.344634 0.650060
0.452098 0.550297
0.611836 0.656679
0.425605 0.632740
0.830465 0.676844
0.463509 0.519362
0.263848 0.419786
0.295099 0.557571
0.703032 0.812649
0.811865 0.490605
0.847798 0.639356
0.330622 0.628166
0.182627 0.748766
0.142436 0.634890
0.284470 0.660243
0.149019 0.749870
0.415039 0.633412
0.629200 0.125299
0.460054 0.759957
0.614247 0.456124
0.583399 0.384876
0.566557 0.091743
0.516879 0.247709
0.612231 0.421839
0.699070 0.110388
0.358801 0.093998
0.383797 0.747572
0.639712 0.116621
0.577990 0.464750
0.454179 0.648998
0.502878 0.477757
0.170411 0.543261
0.335563 0.397000
0.432993 0.811649
0.196599 0.476302
0.517457 0.807131
0.657938 0.720481
0.700870 0.585617
0.827527 0.650044
0.857437 0.768285
0.472004 0.190051
0.532252 0.616568
0.804516 0.718940
0.510733 0.142926
0.391261 0.173381
0.477960 0.877313
0.449948 0.819779
0.476232 0.392762
0.677011 0.746538
0.543289 0.134445
0.531894 0.575446
0.446998 0.191767
0.611995 0.128138
0.676444 0.534236
0.285922 0.624118
0.661674 0.650458
0.531760 0.182828
0.725948 0.903907
0.661746 0.405507
0.474191 0.280375
0.433605 0.184588
0.190189 0.780945
0.330309 0.621295
0.144168 0.752411
0.612729 0.867749
0.432240 0.498530
0.285465 0.657802
0.273125 0.640165
0.577957 0.511717
0.234720 0.796377
0.620398 0.867044
0.656799 0.835099
0.173922 0.746131
0.707007 0.551907
0.389515 0.638953
0.532438 0.720334
0.559659 0.815795
0.545549 0.405091
0.705353 0.691468
0.563751 0.867526
0.537772 0.376954
0.512531 0.306099
0.860239 0.816768
0.834641 0.534788
0.523007 0.413028
0.667653 0.410127
0.629830 0.143434
0.634568 0.663024
0.709632 0.682403
0.307647 0.767893
0.357670 0.427188
0.353949 0.092636
0.353511 0.776728
0.453116 0.456378
0.319640 0.900527
0.457869 0.389518
0.378830 0.485455
0.692619 0.760617
0.339565 0.587400
0.577618 0.128169
0.608478 0.744227
0.579628 0.792192
0.447514 0.589241
0.349978 0.110905
0.435527 0.858367
0.470889 0.576512
0.818657 0.795967
0.449268 0.867253
0.604066 0.112418
0.418247 0.604094
0.430700 0.860235
0.438765 0.133776
0.594940 0.801998
0.195469 0.601888
0.270015 0.459118
0.362767 0.760784
0.465304 0.213643
0.146147 0.781127
0.148251 0.582614
0.669241 0.730940
0.558841 0.800406
0.465499 0.754359
0.473175 0.258148
0.507461 0.807248
0.615667 0.516937
0.820688 0.512618
0.191619 0.666202
0.556483 0.891089
0.381506 0.110510
0.325248 0.731414
0.518744 0.460882
0.286697 0.869889
0.447782 0.569936
0.634083 0.774682
0.366647 0.733685
0.196895 0.591644
0.494200 0.204528
0.432931 0.655115
0.480434 0.427989
0.522503 0.547273
0.813633 0.732527
0.755628 0.476905
0.386472 0.891342
0.473890 0.422943
0.519200 0.531219
0.154502 0.790699
0.298640 0.651821
0.442737 0.154612
0.525992 0.755798
0.617480 0.783154
0.526063 0.895147
0.596006 0.160333
0.194653 0.758852
0.414802 0.599837
0.382463 0.658587
0.281635 0.690553
0.610345 0.838822
0.799140 0.802797
0.181367 0.802641
0.859310 0.694515
0.844175 0.820184
0.155630 0.682333
0.670842 0.879642
0.168777 0.748254
0.344375 0.404974
0.515415 0.593240
0.694630 0.756120
0.497179 0.817181
0.751743 0.832975
0.464937 0.371029
0.186841 0.487888
0.460711 0.347866
0.432741 0.705472
0.504863 0.732538
0.557441 0.821616
0.622729 0.113300
0.703715 0.885018
0.660353 0.654995
0.403542 0.468442
0.352337 0.605315
0.530080 0.705620
0.358865 0.888546
0.382540 0.724737
0.481283 0.833004
0.198731 0.612874
0.446119 0.716988
0.412318 0.694216
0.323099 0.628473
0.253268 0.791541
0.424123 0.800563
0.580174 0.422317
0.578121 0.601932
0.285728 0.468433
0.474815 0.367139
0.463646 0.405760
0.382475 0.848606
0.599257 0.680122
0.621158 0.434739
0.578664 0.607534
0.211805 0.487555
0.293416 0.696636
0.799819 0.477165
0.601523 0.662651
0.496553 0.583446
0.432393 0.712584
0.481612 0.447186
0.625986 0.766219
0.596062 0.688839
0.344996 0.823683
0.637449 0.582131
0.497949 0.114134
0.686520 0.434122
0.476246 0.292330
0.783034 0.538293
0.530318 0.630534
0.595503 0.781954
0.543740 0.178949
0.538101 0.437417
0.369686 0.781212
0.427300 0.383083
0.200456 0.502731
0.686752 0.758564
0.670209 0.597670
0.425748 0.692960
0.827838 0.754096
0.385438 0.412550
0.320464 0.145595
0.576553 0.496966
0.374055 0.595291
0.334233 0.125935
0.162650 0.610569
0.461651 0.829258
0.511984 0.697512
0.508730 0.376529
0.824257 0.609769
0.644697 0.427699
0.829515 0.610765
0.380947 0.859524
0.534765 0.132446
0.860953 0.813808
0.396442 0.397361
0.481330 0.471047
0.624164 0.728871
0.498590 0.463532
0.571124 0.402849
0.691355 0.104512
0.635193 0.715838
0.463515 0.172733
0.639585 0.578781
0.331331 0.636077
0.200540 0.542626
0.358046 0.862483
0.705907 0.608076
0.504031 0.412866
0.516580 0.861853
0.321490 0.770158
0.528908 0.128736
0.498331 0.757737
0.178198 0.565299
0.736192 0.797403
0.278795 0.804759
0.351999 0.419812
0.714846 0.798370
0.620857 0.429474
0.713444 0.711092
0.412665 0.446466
0.196638 0.808574
0.422441 0.634169
0.166181 0.759262
0.789323 0.528490
0.382257 0.607925
0.562663 0.118067
0.555512 0.594779
0.283011 0.880012
0.178242 0.663642
0.423975 0.725886
0.411744 0.792947
0.470252 0.127756
0.573450 0.711253
0.450920 0.374608
0.227882 0.468918
0.523583 0.878846
0.609984 0.170325
0.467215 0.319189
0.492797 0.898721
0.791808 0.788943
0.410655 0.407305
0.705462 0.715488
0.810373 0.747633
0.467192 0.473378
0.826604 0.596289
0.385538 0.671816
0.302175 0.668076
0.321254 0.106737
0.598965 0.901812
0.455386 0.177813
0.314960 0.749261
0.320286 0.120323
0.649753 0.759100
0.800935 0.548386
0.229623 0.777120
0.281790 0.585198
0.667564 0.498357
0.667065 0.094137
0.574765 0.414575
0.717959 0.422035
0.512264 0.272000
0.548680 0.570978
0.409229 0.663416
0.363324 0.590950
0.651622 0.600635
0.662547 0.127206
0.607966 0.866753
0.516324 0.614038
0.605533 0.108449
0.491065 0.899044
0.450038 0.500764
0.552842 0.869682
0.392849 0.673637
0.486103 0.331796
0.826865 0.627568
0.432465 0.905400
0.398322 0.450995
0.507130 0.487398
0.466063 0.168189
0.508181 0.146087
0.189004 0.635175
0.452310 0.413654
0.321344 0.694260
0.252735 0.804350
0.564261 0.620595
0.806527 0.684509
0.316242 0.874532
0.806429 0.499646
0.354825 0.769427
0.592612 0.570885
0.574412 0.692992
0.404696 0.415261
0.490999 0.432717
0.285148 0.574575
0.656404 0.738685
0.295164 0.655417
0.718185 0.681189
0.557872 0.836731
0.532258 0.807460
0.649738 0.830209
0.298577 0.873250
0.592808 0.178974
0.701167 0.140485
0.394076 0.419539
0.814116 0.777846
0.441179 0.441248
0.371961 0.780352
0.624848 0.838473
0.198264 0.571980
0.361559 0.897393
0.595639 0.853011
0.332252 0.831310
0.226550 0.820823
0.434671 0.551346
0.529264 0.180311
0.441564 0.132490
0.346459 0.524952
0.818547 0.725785
0.824152 0.586833
0.686399 0.090695
0.372333 0.658683
0.450192 0.650284
0.440271 0.188185
0.517279 0.456597
0.434209 0.641841
0.166186 0.652167
0.398261 0.870763
0.412428 0.638679
0.292723 0.758612
0.602976 0.640961
0.666475 0.717816
0.692057 0.150613
0.809552 0.647324
0.346379 0.636367
0.520469 0.417301
0.611472 0.093551
0.600231 0.748685
0.560141 0.768894
0.155353 0.660165
0.525922 0.512592
0.470014 0.189680
0.698945 0.444745
0.727040 0.648234
0.816960 0.804392
0.410450 0.807562
0.538810 0.234083
0.583802 0.546997
0.498210 0.747956
0.553829 0.908990
0.762744 0.485467
0.639106 0.882597
0.472961 0.547906
0.602257 0.793423
0.579761 0.417574
0.805811 0.663092
0.258307 0.438559
0.277134 0.596792
0.670660 0.577045
0.389680 0.728167
0.307012 0.438880
0.315020 0.727765
0.460317 0.486071
0.578652 0.902752
0.406475 0.695888
0.649987 0.624811
0.493419 0.697330
0.716201 0.740847
0.772275 0.478415
0.339869 0.108442
0.525251 0.592209
0.720226 0.580623
0.491842 0.368758
0.726267 0.713483
0.508025 0.617455
0.432286 0.159692
0.794675 0.464023
0.234427 0.791146
0.758657 0.830457
0.496675 0.130548
0.548908 0.491846
0.495047 0.778775
0.348525 0.724304
0.515361 0.559619
0.316400 0.546469
0.402458 0.898785
0.805720 0.477387
0.475295 0.164823
0.534321 0.136049
0.286734 0.875410
0.684091 0.409720
0.181986 0.812671
0.325713 0.126426
0.508631 0.902245
0.446698 0.529814
0.343079 0.738812
0.591639 0.480681
0.462556 0.831742
0.396957 0.833462
0.812452 0.761438
0.303018 0.714225
0.574232 0.103422
0.272812 0.852481
0.401051 0.476116
0.382703 0.389915
0.493374 0.740908
0.527375 0.242420
0.481513 0.528118
0.501520 0.323569
0.317992 0.531226
0.349903 0.760812
0.399319 0.632999
0.673952 0.619010
0.767933 0.486258
0.643203 0.728026
0.539171 0.853674
0.461696 0.633062
0.352709 0.553767
0.298487 0.892213
0.504858 0.298646
0.441603 0.697119
0.479064 0.490033
0.630523 0.718761
0.304279 0.888831
0.668084 0.797667
0.478958 0.854478
0.612914 0.727879
0.396797 0.840016
0.564009 0.540652
0.585238 0.391642
0.379655 0.889384
0.500552 0.659142
0.405158 0.703283
0.447469 0.523939
0.516835 0.818429
0.575601 0.736066
0.486062 0.874246
0.815532 0.625757
0.454392 0.406176
0.404639 0.598175
0.437406 0.158510
0.334925 0.862801
0.607145 0.440817
0.394750 0.730031
0.797656 0.797454
0.336787 0.730050
0.231000 0.528718
0.392937 0.770587
0.489034 0.180701
0.436891 0.868014
0.471881 0.554365
0.449001 0.587666
0.359513 0.615363
0.422477 0.720403
0.443597 0.419775
0.494813 0.753939
0.471214 0.257955
